1.505681818181818232e-01
0.000000000000000000e+00
0.000000000000000000e+00
3.068181818181818232e-01
0.000000000000000000e+00
0.000000000000000000e+00
2.982954545454545303e-01
0.000000000000000000e+00
0.000000000000000000e+00
0.000000000000000000e+00
1.761363636363636465e-01
0.000000000000000000e+00
0.000000000000000000e+00
5.681818181818181629e-02
0.000000000000000000e+00
0.000000000000000000e+00
8.522727272727272096e-03
0.000000000000000000e+00
0.000000000000000000e+00
0.000000000000000000e+00
2.840909090909090988e-03
1.278409090909090884e-01
0.000000000000000000e+00
0.000000000000000000e+00
3.437500000000000000e-01
0.000000000000000000e+00
0.000000000000000000e+00
3.096590909090908839e-01
0.000000000000000000e+00
0.000000000000000000e+00
0.000000000000000000e+00
1.846590909090909116e-01
0.000000000000000000e+00
0.000000000000000000e+00
2.840909090909090814e-02
0.000000000000000000e+00
0.000000000000000000e+00
5.681818181818181976e-03
0.000000000000000000e+00
0.000000000000000000e+00
0.000000000000000000e+00
0.000000000000000000e+00
1.420454545454545581e-01
0.000000000000000000e+00
0.000000000000000000e+00
2.698863636363636465e-01
0.000000000000000000e+00
0.000000000000000000e+00
2.698863636363636465e-01
0.000000000000000000e+00
0.000000000000000000e+00
0.000000000000000000e+00
2.215909090909090884e-01
0.000000000000000000e+00
0.000000000000000000e+00
8.522727272727272096e-02
0.000000000000000000e+00
0.000000000000000000e+00
1.136363636363636395e-02
0.000000000000000000e+00
0.000000000000000000e+00
0.000000000000000000e+00
0.000000000000000000e+00
1.306818181818181768e-01
0.000000000000000000e+00
0.000000000000000000e+00
2.840909090909091161e-01
0.000000000000000000e+00
0.000000000000000000e+00
3.153409090909091161e-01
0.000000000000000000e+00
0.000000000000000000e+00
0.000000000000000000e+00
1.477272727272727348e-01
0.000000000000000000e+00
0.000000000000000000e+00
9.659090909090908839e-02
0.000000000000000000e+00
0.000000000000000000e+00
2.272727272727272790e-02
0.000000000000000000e+00
0.000000000000000000e+00
0.000000000000000000e+00
2.840909090909090988e-03
5.397727272727272790e-02
0.000000000000000000e+00
0.000000000000000000e+00
2.727272727272727071e-01
0.000000000000000000e+00
0.000000000000000000e+00
2.926136363636363535e-01
0.000000000000000000e+00
0.000000000000000000e+00
0.000000000000000000e+00
2.698863636363636465e-01
0.000000000000000000e+00
0.000000000000000000e+00
8.522727272727272096e-02
0.000000000000000000e+00
0.000000000000000000e+00
2.556818181818181976e-02
0.000000000000000000e+00
0.000000000000000000e+00
0.000000000000000000e+00
0.000000000000000000e+00
6.818181818181817677e-02
0.000000000000000000e+00
0.000000000000000000e+00
2.159090909090909116e-01
0.000000000000000000e+00
0.000000000000000000e+00
3.465909090909091161e-01
0.000000000000000000e+00
0.000000000000000000e+00
0.000000000000000000e+00
2.642045454545454697e-01
0.000000000000000000e+00
0.000000000000000000e+00
7.954545454545454419e-02
0.000000000000000000e+00
0.000000000000000000e+00
2.556818181818181976e-02
0.000000000000000000e+00
0.000000000000000000e+00
0.000000000000000000e+00
0.000000000000000000e+00
8.522727272727272096e-02
0.000000000000000000e+00
0.000000000000000000e+00
2.528409090909091161e-01
0.000000000000000000e+00
0.000000000000000000e+00
3.125000000000000000e-01
0.000000000000000000e+00
0.000000000000000000e+00
0.000000000000000000e+00
2.357954545454545581e-01
0.000000000000000000e+00
0.000000000000000000e+00
9.659090909090908839e-02
0.000000000000000000e+00
0.000000000000000000e+00
1.136363636363636395e-02
0.000000000000000000e+00
0.000000000000000000e+00
0.000000000000000000e+00
5.681818181818181976e-03
9.943181818181817677e-02
0.000000000000000000e+00
0.000000000000000000e+00
3.039772727272727071e-01
0.000000000000000000e+00
0.000000000000000000e+00
3.238636363636363535e-01
0.000000000000000000e+00
0.000000000000000000e+00
0.000000000000000000e+00
2.073863636363636465e-01
0.000000000000000000e+00
0.000000000000000000e+00
5.113636363636363952e-02
0.000000000000000000e+00
0.000000000000000000e+00
1.136363636363636395e-02
0.000000000000000000e+00
0.000000000000000000e+00
0.000000000000000000e+00
2.840909090909090988e-03
3.125000000000000000e-02
0.000000000000000000e+00
0.000000000000000000e+00
2.045454545454545581e-01
0.000000000000000000e+00
0.000000000000000000e+00
3.011363636363636465e-01
0.000000000000000000e+00
0.000000000000000000e+00
0.000000000000000000e+00
2.500000000000000000e-01
0.000000000000000000e+00
0.000000000000000000e+00
1.221590909090909116e-01
0.000000000000000000e+00
0.000000000000000000e+00
7.386363636363636742e-02
0.000000000000000000e+00
0.000000000000000000e+00
0.000000000000000000e+00
1.704545454545454419e-02
2.840909090909090814e-02
0.000000000000000000e+00
0.000000000000000000e+00
1.107954545454545442e-01
0.000000000000000000e+00
0.000000000000000000e+00
2.840909090909091161e-01
0.000000000000000000e+00
0.000000000000000000e+00
0.000000000000000000e+00
2.812500000000000000e-01
0.000000000000000000e+00
0.000000000000000000e+00
2.244318181818181768e-01
0.000000000000000000e+00
0.000000000000000000e+00
5.681818181818181629e-02
0.000000000000000000e+00
0.000000000000000000e+00
0.000000000000000000e+00
1.420454545454545407e-02
3.125000000000000000e-02
0.000000000000000000e+00
0.000000000000000000e+00
1.193181818181818232e-01
0.000000000000000000e+00
0.000000000000000000e+00
3.039772727272727071e-01
0.000000000000000000e+00
0.000000000000000000e+00
0.000000000000000000e+00
3.295454545454545303e-01
0.000000000000000000e+00
0.000000000000000000e+00
1.619318181818181768e-01
0.000000000000000000e+00
0.000000000000000000e+00
5.397727272727272790e-02
0.000000000000000000e+00
0.000000000000000000e+00
0.000000000000000000e+00
0.000000000000000000e+00
7.102272727272727904e-02
0.000000000000000000e+00
0.000000000000000000e+00
2.244318181818181768e-01
0.000000000000000000e+00
0.000000000000000000e+00
3.039772727272727071e-01
0.000000000000000000e+00
0.000000000000000000e+00
0.000000000000000000e+00
2.670454545454545303e-01
0.000000000000000000e+00
0.000000000000000000e+00
1.022727272727272790e-01
0.000000000000000000e+00
0.000000000000000000e+00
2.840909090909090814e-02
0.000000000000000000e+00
0.000000000000000000e+00
0.000000000000000000e+00
2.840909090909090988e-03
1.278409090909090884e-01
0.000000000000000000e+00
0.000000000000000000e+00
3.153409090909091161e-01
0.000000000000000000e+00
0.000000000000000000e+00
3.011363636363636465e-01
0.000000000000000000e+00
0.000000000000000000e+00
0.000000000000000000e+00
1.761363636363636465e-01
0.000000000000000000e+00
0.000000000000000000e+00
7.386363636363636742e-02
0.000000000000000000e+00
0.000000000000000000e+00
5.681818181818181976e-03
0.000000000000000000e+00
0.000000000000000000e+00
0.000000000000000000e+00
0.000000000000000000e+00
6.250000000000000000e-02
0.000000000000000000e+00
0.000000000000000000e+00
1.903409090909090884e-01
0.000000000000000000e+00
0.000000000000000000e+00
3.210227272727272929e-01
0.000000000000000000e+00
0.000000000000000000e+00
0.000000000000000000e+00
2.727272727272727071e-01
0.000000000000000000e+00
0.000000000000000000e+00
1.164772727272727210e-01
0.000000000000000000e+00
0.000000000000000000e+00
3.693181818181818371e-02
0.000000000000000000e+00
0.000000000000000000e+00
0.000000000000000000e+00
0.000000000000000000e+00
1.562500000000000000e-01
0.000000000000000000e+00
0.000000000000000000e+00
3.380681818181818232e-01
0.000000000000000000e+00
0.000000000000000000e+00
2.784090909090908839e-01
0.000000000000000000e+00
0.000000000000000000e+00
0.000000000000000000e+00
1.846590909090909116e-01
0.000000000000000000e+00
0.000000000000000000e+00
3.693181818181818371e-02
0.000000000000000000e+00
0.000000000000000000e+00
5.681818181818181976e-03
0.000000000000000000e+00
0.000000000000000000e+00
0.000000000000000000e+00
0.000000000000000000e+00
2.272727272727272652e-01
0.000000000000000000e+00
0.000000000000000000e+00
2.755681818181818232e-01
0.000000000000000000e+00
0.000000000000000000e+00
2.869318181818181768e-01
0.000000000000000000e+00
0.000000000000000000e+00
0.000000000000000000e+00
1.306818181818181768e-01
0.000000000000000000e+00
0.000000000000000000e+00
6.250000000000000000e-02
0.000000000000000000e+00
0.000000000000000000e+00
1.704545454545454419e-02
0.000000000000000000e+00
0.000000000000000000e+00
0.000000000000000000e+00
0.000000000000000000e+00
