0.000000000000000000e+00
4.320987654320987414e-02
4.320987654320987414e-02
1.234567901234567833e-01
1.481481481481481399e-01
2.283950617283950490e-01
1.604938271604938183e-01
9.876543209876542662e-02
7.407407407407406996e-02
4.320987654320987414e-02
3.086419753086419582e-02
6.172839506172839164e-03
0.000000000000000000e+00
0.000000000000000000e+00
0.000000000000000000e+00
0.000000000000000000e+00
0.000000000000000000e+00
0.000000000000000000e+00
0.000000000000000000e+00
0.000000000000000000e+00
0.000000000000000000e+00
0.000000000000000000e+00
0.000000000000000000e+00
0.000000000000000000e+00
0.000000000000000000e+00
6.172839506172839164e-03
4.938271604938271331e-02
1.913580246913580141e-01
2.654320987654321118e-01
1.604938271604938183e-01
1.728395061728394966e-01
1.049382716049382658e-01
4.320987654320987414e-02
6.172839506172839164e-03
0.000000000000000000e+00
0.000000000000000000e+00
0.000000000000000000e+00
0.000000000000000000e+00
0.000000000000000000e+00
0.000000000000000000e+00
0.000000000000000000e+00
0.000000000000000000e+00
0.000000000000000000e+00
0.000000000000000000e+00
6.172839506172839164e-03
6.172839506172839164e-02
1.604938271604938183e-01
1.666666666666666574e-01
1.111111111111111049e-01
9.876543209876542662e-02
1.296296296296296224e-01
9.876543209876542662e-02
7.407407407407406996e-02
4.320987654320987414e-02
3.086419753086419582e-02
1.851851851851851749e-02
0.000000000000000000e+00
0.000000000000000000e+00
0.000000000000000000e+00
0.000000000000000000e+00
0.000000000000000000e+00
0.000000000000000000e+00
0.000000000000000000e+00
4.938271604938271331e-02
5.555555555555555247e-02
8.024691358024690913e-02
1.234567901234567833e-01
8.641975308641974829e-02
4.320987654320987414e-02
1.296296296296296224e-01
1.481481481481481399e-01
1.234567901234567833e-01
8.641975308641974829e-02
3.703703703703703498e-02
2.469135802469135665e-02
1.234567901234567833e-02
0.000000000000000000e+00
0.000000000000000000e+00
0.000000000000000000e+00
0.000000000000000000e+00
0.000000000000000000e+00
0.000000000000000000e+00
0.000000000000000000e+00
0.000000000000000000e+00
6.172839506172839164e-03
3.703703703703703498e-02
6.172839506172839164e-02
9.876543209876542662e-02
9.876543209876542662e-02
1.419753086419753008e-01
1.604938271604938183e-01
1.358024691358024616e-01
1.419753086419753008e-01
8.641975308641974829e-02
2.469135802469135665e-02
6.172839506172839164e-03
0.000000000000000000e+00
0.000000000000000000e+00
0.000000000000000000e+00
0.000000000000000000e+00
0.000000000000000000e+00
0.000000000000000000e+00
0.000000000000000000e+00
0.000000000000000000e+00
0.000000000000000000e+00
1.234567901234567833e-02
4.938271604938271331e-02
5.555555555555555247e-02
3.703703703703703498e-02
1.604938271604938183e-01
1.358024691358024616e-01
1.358024691358024616e-01
2.098765432098765316e-01
1.111111111111111049e-01
8.024691358024690913e-02
0.000000000000000000e+00
1.234567901234567833e-02
0.000000000000000000e+00
0.000000000000000000e+00
0.000000000000000000e+00
0.000000000000000000e+00
0.000000000000000000e+00
0.000000000000000000e+00
0.000000000000000000e+00
0.000000000000000000e+00
0.000000000000000000e+00
0.000000000000000000e+00
0.000000000000000000e+00
0.000000000000000000e+00
0.000000000000000000e+00
0.000000000000000000e+00
0.000000000000000000e+00
1.851851851851851749e-02
7.407407407407406996e-02
2.901234567901234684e-01
3.765432098765432167e-01
1.851851851851851749e-01
4.320987654320987414e-02
1.234567901234567833e-02
0.000000000000000000e+00
0.000000000000000000e+00
0.000000000000000000e+00
0.000000000000000000e+00
0.000000000000000000e+00
0.000000000000000000e+00
0.000000000000000000e+00
0.000000000000000000e+00
0.000000000000000000e+00
0.000000000000000000e+00
0.000000000000000000e+00
0.000000000000000000e+00
0.000000000000000000e+00
1.234567901234567833e-02
1.111111111111111049e-01
3.086419753086419582e-01
2.839506172839506015e-01
1.728395061728394966e-01
9.259259259259258745e-02
6.172839506172839164e-03
1.234567901234567833e-02
0.000000000000000000e+00
0.000000000000000000e+00
0.000000000000000000e+00
0.000000000000000000e+00
0.000000000000000000e+00
0.000000000000000000e+00
0.000000000000000000e+00
0.000000000000000000e+00
0.000000000000000000e+00
0.000000000000000000e+00
0.000000000000000000e+00
0.000000000000000000e+00
0.000000000000000000e+00
0.000000000000000000e+00
4.320987654320987414e-02
2.345679012345678882e-01
4.074074074074073848e-01
2.222222222222222099e-01
9.259259259259258745e-02
0.000000000000000000e+00
0.000000000000000000e+00
0.000000000000000000e+00
0.000000000000000000e+00
0.000000000000000000e+00
0.000000000000000000e+00
0.000000000000000000e+00
0.000000000000000000e+00
0.000000000000000000e+00
0.000000000000000000e+00
0.000000000000000000e+00
1.234567901234567833e-02
1.851851851851851749e-02
3.703703703703703498e-02
7.407407407407406996e-02
8.024691358024690913e-02
1.358024691358024616e-01
1.851851851851851749e-01
2.592592592592592449e-01
1.111111111111111049e-01
4.938271604938271331e-02
3.703703703703703498e-02
0.000000000000000000e+00
0.000000000000000000e+00
0.000000000000000000e+00
0.000000000000000000e+00
0.000000000000000000e+00
0.000000000000000000e+00
0.000000000000000000e+00
0.000000000000000000e+00
0.000000000000000000e+00
1.913580246913580141e-01
4.938271604938271331e-02
2.469135802469135665e-02
4.938271604938271331e-02
2.469135802469135665e-02
1.049382716049382658e-01
9.259259259259258745e-02
1.049382716049382658e-01
1.049382716049382658e-01
9.259259259259258745e-02
6.172839506172839164e-02
4.320987654320987414e-02
2.469135802469135665e-02
3.086419753086419582e-02
0.000000000000000000e+00
0.000000000000000000e+00
0.000000000000000000e+00
0.000000000000000000e+00
0.000000000000000000e+00
0.000000000000000000e+00
0.000000000000000000e+00
0.000000000000000000e+00
0.000000000000000000e+00
0.000000000000000000e+00
6.172839506172839164e-03
0.000000000000000000e+00
3.703703703703703498e-02
7.407407407407406996e-02
9.259259259259258745e-02
2.469135802469135665e-01
3.086419753086419582e-01
1.666666666666666574e-01
6.172839506172839164e-02
6.172839506172839164e-03
0.000000000000000000e+00
0.000000000000000000e+00
0.000000000000000000e+00
0.000000000000000000e+00
0.000000000000000000e+00
0.000000000000000000e+00
0.000000000000000000e+00
0.000000000000000000e+00
0.000000000000000000e+00
0.000000000000000000e+00
0.000000000000000000e+00
0.000000000000000000e+00
6.172839506172839164e-03
1.234567901234567833e-02
4.938271604938271331e-02
2.283950617283950490e-01
3.395061728395061817e-01
1.913580246913580141e-01
1.419753086419753008e-01
3.086419753086419582e-02
0.000000000000000000e+00
0.000000000000000000e+00
0.000000000000000000e+00
0.000000000000000000e+00
0.000000000000000000e+00
0.000000000000000000e+00
0.000000000000000000e+00
0.000000000000000000e+00
0.000000000000000000e+00
0.000000000000000000e+00
0.000000000000000000e+00
0.000000000000000000e+00
0.000000000000000000e+00
0.000000000000000000e+00
1.234567901234567833e-02
9.876543209876542662e-02
1.975308641975308532e-01
4.012345679012345734e-01
1.790123456790123357e-01
8.024691358024690913e-02
3.086419753086419582e-02
0.000000000000000000e+00
0.000000000000000000e+00
0.000000000000000000e+00
0.000000000000000000e+00
0.000000000000000000e+00
0.000000000000000000e+00
0.000000000000000000e+00
0.000000000000000000e+00
0.000000000000000000e+00
0.000000000000000000e+00
0.000000000000000000e+00
3.086419753086419582e-02
8.641975308641974829e-02
9.259259259259258745e-02
1.419753086419753008e-01
1.728395061728394966e-01
2.283950617283950490e-01
1.481481481481481399e-01
8.641975308641974829e-02
1.234567901234567833e-02
0.000000000000000000e+00
0.000000000000000000e+00
0.000000000000000000e+00
0.000000000000000000e+00
0.000000000000000000e+00
0.000000000000000000e+00
0.000000000000000000e+00
0.000000000000000000e+00
0.000000000000000000e+00
0.000000000000000000e+00
1.172839506172839441e-01
3.703703703703703498e-02
7.407407407407406996e-02
5.555555555555555247e-02
5.555555555555555247e-02
8.024691358024690913e-02
1.419753086419753008e-01
8.641975308641974829e-02
1.049382716049382658e-01
4.320987654320987414e-02
9.876543209876542662e-02
6.172839506172839164e-02
1.851851851851851749e-02
1.851851851851851749e-02
6.172839506172839164e-03
0.000000000000000000e+00
0.000000000000000000e+00
0.000000000000000000e+00
0.000000000000000000e+00
0.000000000000000000e+00
0.000000000000000000e+00
0.000000000000000000e+00
0.000000000000000000e+00
1.234567901234567833e-02
1.111111111111111049e-01
1.419753086419753008e-01
2.037037037037036924e-01
1.728395061728394966e-01
2.037037037037036924e-01
1.111111111111111049e-01
2.469135802469135665e-02
1.851851851851851749e-02
0.000000000000000000e+00
0.000000000000000000e+00
0.000000000000000000e+00
0.000000000000000000e+00
0.000000000000000000e+00
0.000000000000000000e+00
0.000000000000000000e+00
0.000000000000000000e+00
0.000000000000000000e+00
0.000000000000000000e+00
0.000000000000000000e+00
0.000000000000000000e+00
0.000000000000000000e+00
0.000000000000000000e+00
0.000000000000000000e+00
1.851851851851851749e-02
8.641975308641974829e-02
2.283950617283950490e-01
3.333333333333333148e-01
2.777777777777777901e-01
4.320987654320987414e-02
1.234567901234567833e-02
0.000000000000000000e+00
0.000000000000000000e+00
0.000000000000000000e+00
0.000000000000000000e+00
0.000000000000000000e+00
0.000000000000000000e+00
0.000000000000000000e+00
0.000000000000000000e+00
0.000000000000000000e+00
0.000000000000000000e+00
0.000000000000000000e+00
0.000000000000000000e+00
0.000000000000000000e+00
1.234567901234567833e-02
3.703703703703703498e-02
9.876543209876542662e-02
2.716049382716049232e-01
2.716049382716049232e-01
2.530864197530864335e-01
4.938271604938271331e-02
6.172839506172839164e-03
0.000000000000000000e+00
0.000000000000000000e+00
0.000000000000000000e+00
0.000000000000000000e+00
0.000000000000000000e+00
0.000000000000000000e+00
0.000000000000000000e+00
0.000000000000000000e+00
0.000000000000000000e+00
0.000000000000000000e+00
0.000000000000000000e+00
0.000000000000000000e+00
1.234567901234567833e-02
4.320987654320987414e-02
8.641975308641974829e-02
1.851851851851851749e-01
1.851851851851851749e-01
2.345679012345678882e-01
1.604938271604938183e-01
9.259259259259258745e-02
0.000000000000000000e+00
0.000000000000000000e+00
0.000000000000000000e+00
0.000000000000000000e+00
0.000000000000000000e+00
0.000000000000000000e+00
0.000000000000000000e+00
0.000000000000000000e+00
0.000000000000000000e+00
0.000000000000000000e+00
1.049382716049382658e-01
6.172839506172839164e-02
6.172839506172839164e-02
9.876543209876542662e-02
6.790123456790123080e-02
1.111111111111111049e-01
9.259259259259258745e-02
1.049382716049382658e-01
9.259259259259258745e-02
6.172839506172839164e-02
4.938271604938271331e-02
5.555555555555555247e-02
2.469135802469135665e-02
1.234567901234567833e-02
0.000000000000000000e+00
0.000000000000000000e+00
0.000000000000000000e+00
0.000000000000000000e+00
0.000000000000000000e+00
0.000000000000000000e+00
0.000000000000000000e+00
1.234567901234567833e-02
2.469135802469135665e-02
3.086419753086419582e-02
2.469135802469135665e-02
6.790123456790123080e-02
2.160493827160493707e-01
2.345679012345678882e-01
1.790123456790123357e-01
9.259259259259258745e-02
8.024691358024690913e-02
2.469135802469135665e-02
6.172839506172839164e-03
6.172839506172839164e-03
0.000000000000000000e+00
0.000000000000000000e+00
0.000000000000000000e+00
0.000000000000000000e+00
0.000000000000000000e+00
0.000000000000000000e+00
0.000000000000000000e+00
0.000000000000000000e+00
0.000000000000000000e+00
0.000000000000000000e+00
0.000000000000000000e+00
6.172839506172839164e-03
1.234567901234567833e-02
5.555555555555555247e-02
6.790123456790123080e-02
1.790123456790123357e-01
3.086419753086419582e-01
2.592592592592592449e-01
8.641975308641974829e-02
1.851851851851851749e-02
6.172839506172839164e-03
0.000000000000000000e+00
0.000000000000000000e+00
0.000000000000000000e+00
0.000000000000000000e+00
0.000000000000000000e+00
0.000000000000000000e+00
0.000000000000000000e+00
0.000000000000000000e+00
0.000000000000000000e+00
0.000000000000000000e+00
0.000000000000000000e+00
0.000000000000000000e+00
0.000000000000000000e+00
0.000000000000000000e+00
6.790123456790123080e-02
2.469135802469135665e-01
3.456790123456789932e-01
2.839506172839506015e-01
5.555555555555555247e-02
0.000000000000000000e+00
0.000000000000000000e+00
0.000000000000000000e+00
0.000000000000000000e+00
0.000000000000000000e+00
0.000000000000000000e+00
0.000000000000000000e+00
0.000000000000000000e+00
0.000000000000000000e+00
0.000000000000000000e+00
0.000000000000000000e+00
0.000000000000000000e+00
0.000000000000000000e+00
0.000000000000000000e+00
0.000000000000000000e+00
0.000000000000000000e+00
5.555555555555555247e-02
2.654320987654321118e-01
2.839506172839506015e-01
2.716049382716049232e-01
9.259259259259258745e-02
2.469135802469135665e-02
6.172839506172839164e-03
0.000000000000000000e+00
0.000000000000000000e+00
0.000000000000000000e+00
0.000000000000000000e+00
0.000000000000000000e+00
0.000000000000000000e+00
0.000000000000000000e+00
0.000000000000000000e+00
3.395061728395061817e-01
1.851851851851851749e-01
1.851851851851851749e-01
1.172839506172839441e-01
7.407407407407406996e-02
1.851851851851851749e-02
2.469135802469135665e-02
6.172839506172839164e-03
1.851851851851851749e-02
6.172839506172839164e-03
1.234567901234567833e-02
6.172839506172839164e-03
0.000000000000000000e+00
0.000000000000000000e+00
0.000000000000000000e+00
6.172839506172839164e-03
0.000000000000000000e+00
0.000000000000000000e+00
0.000000000000000000e+00
0.000000000000000000e+00
0.000000000000000000e+00
1.851851851851851749e-02
6.172839506172839164e-03
7.407407407407406996e-02
9.876543209876542662e-02
1.049382716049382658e-01
1.543209876543209791e-01
2.469135802469135665e-01
2.037037037037036924e-01
6.790123456790123080e-02
1.851851851851851749e-02
6.172839506172839164e-03
0.000000000000000000e+00
0.000000000000000000e+00
0.000000000000000000e+00
0.000000000000000000e+00
0.000000000000000000e+00
0.000000000000000000e+00
0.000000000000000000e+00
0.000000000000000000e+00
0.000000000000000000e+00
0.000000000000000000e+00
1.851851851851851749e-02
1.358024691358024616e-01
1.851851851851851749e-01
1.296296296296296224e-01
1.172839506172839441e-01
1.172839506172839441e-01
1.358024691358024616e-01
8.641975308641974829e-02
4.938271604938271331e-02
1.851851851851851749e-02
0.000000000000000000e+00
6.172839506172839164e-03
0.000000000000000000e+00
0.000000000000000000e+00
0.000000000000000000e+00
0.000000000000000000e+00
0.000000000000000000e+00
0.000000000000000000e+00
0.000000000000000000e+00
0.000000000000000000e+00
0.000000000000000000e+00
0.000000000000000000e+00
0.000000000000000000e+00
0.000000000000000000e+00
0.000000000000000000e+00
1.234567901234567833e-02
1.790123456790123357e-01
1.790123456790123357e-01
2.901234567901234684e-01
2.222222222222222099e-01
9.259259259259258745e-02
2.469135802469135665e-02
0.000000000000000000e+00
0.000000000000000000e+00
0.000000000000000000e+00
0.000000000000000000e+00
0.000000000000000000e+00
0.000000000000000000e+00
0.000000000000000000e+00
0.000000000000000000e+00
0.000000000000000000e+00
0.000000000000000000e+00
0.000000000000000000e+00
0.000000000000000000e+00
0.000000000000000000e+00
0.000000000000000000e+00
4.938271604938271331e-02
2.160493827160493707e-01
1.604938271604938183e-01
2.654320987654321118e-01
1.604938271604938183e-01
9.259259259259258745e-02
5.555555555555555247e-02
0.000000000000000000e+00
0.000000000000000000e+00
0.000000000000000000e+00
0.000000000000000000e+00
0.000000000000000000e+00
0.000000000000000000e+00
0.000000000000000000e+00
0.000000000000000000e+00
0.000000000000000000e+00
0.000000000000000000e+00
