8.253968253968253788e-02
0.000000000000000000e+00
0.000000000000000000e+00
2.920634920634920806e-01
0.000000000000000000e+00
0.000000000000000000e+00
2.952380952380952439e-01
0.000000000000000000e+00
0.000000000000000000e+00
0.000000000000000000e+00
2.380952380952380820e-01
0.000000000000000000e+00
0.000000000000000000e+00
7.936507936507936067e-02
0.000000000000000000e+00
0.000000000000000000e+00
1.269841269841269840e-02
0.000000000000000000e+00
0.000000000000000000e+00
0.000000000000000000e+00
0.000000000000000000e+00
4.126984126984126894e-02
0.000000000000000000e+00
0.000000000000000000e+00
1.873015873015873023e-01
0.000000000000000000e+00
0.000000000000000000e+00
3.333333333333333148e-01
0.000000000000000000e+00
0.000000000000000000e+00
0.000000000000000000e+00
2.539682539682539542e-01
0.000000000000000000e+00
0.000000000000000000e+00
1.269841269841269771e-01
0.000000000000000000e+00
0.000000000000000000e+00
5.714285714285714107e-02
0.000000000000000000e+00
0.000000000000000000e+00
0.000000000000000000e+00
0.000000000000000000e+00
3.492063492063492147e-02
0.000000000000000000e+00
0.000000000000000000e+00
1.111111111111111049e-01
0.000000000000000000e+00
0.000000000000000000e+00
2.984126984126984072e-01
0.000000000000000000e+00
0.000000000000000000e+00
0.000000000000000000e+00
3.079365079365079527e-01
0.000000000000000000e+00
0.000000000000000000e+00
1.841269841269841390e-01
0.000000000000000000e+00
0.000000000000000000e+00
6.031746031746031828e-02
0.000000000000000000e+00
0.000000000000000000e+00
0.000000000000000000e+00
3.174603174603174600e-03
3.492063492063492147e-02
0.000000000000000000e+00
0.000000000000000000e+00
1.714285714285714302e-01
0.000000000000000000e+00
0.000000000000000000e+00
3.079365079365079527e-01
0.000000000000000000e+00
0.000000000000000000e+00
0.000000000000000000e+00
3.301587301587301515e-01
0.000000000000000000e+00
0.000000000000000000e+00
1.238095238095238138e-01
0.000000000000000000e+00
0.000000000000000000e+00
3.174603174603174427e-02
0.000000000000000000e+00
0.000000000000000000e+00
0.000000000000000000e+00
0.000000000000000000e+00
6.031746031746031828e-02
0.000000000000000000e+00
0.000000000000000000e+00
1.968253968253968200e-01
0.000000000000000000e+00
0.000000000000000000e+00
2.666666666666666630e-01
0.000000000000000000e+00
0.000000000000000000e+00
0.000000000000000000e+00
2.730158730158729896e-01
0.000000000000000000e+00
0.000000000000000000e+00
1.555555555555555580e-01
0.000000000000000000e+00
0.000000000000000000e+00
4.126984126984126894e-02
0.000000000000000000e+00
0.000000000000000000e+00
0.000000000000000000e+00
6.349206349206349201e-03
1.269841269841269840e-02
0.000000000000000000e+00
0.000000000000000000e+00
9.206349206349206948e-02
0.000000000000000000e+00
0.000000000000000000e+00
2.285714285714285643e-01
0.000000000000000000e+00
0.000000000000000000e+00
0.000000000000000000e+00
3.460317460317460236e-01
0.000000000000000000e+00
0.000000000000000000e+00
2.031746031746031744e-01
0.000000000000000000e+00
0.000000000000000000e+00
8.253968253968253788e-02
0.000000000000000000e+00
0.000000000000000000e+00
0.000000000000000000e+00
3.492063492063492147e-02
2.539682539682539680e-02
0.000000000000000000e+00
0.000000000000000000e+00
1.047619047619047644e-01
0.000000000000000000e+00
0.000000000000000000e+00
3.079365079365079527e-01
0.000000000000000000e+00
0.000000000000000000e+00
0.000000000000000000e+00
2.857142857142856984e-01
0.000000000000000000e+00
0.000000000000000000e+00
1.904761904761904656e-01
0.000000000000000000e+00
0.000000000000000000e+00
7.619047619047619735e-02
0.000000000000000000e+00
0.000000000000000000e+00
0.000000000000000000e+00
9.523809523809524669e-03
4.444444444444444614e-02
0.000000000000000000e+00
0.000000000000000000e+00
2.063492063492063378e-01
0.000000000000000000e+00
0.000000000000000000e+00
3.111111111111111160e-01
0.000000000000000000e+00
0.000000000000000000e+00
0.000000000000000000e+00
2.634920634920634996e-01
0.000000000000000000e+00
0.000000000000000000e+00
1.269841269841269771e-01
0.000000000000000000e+00
0.000000000000000000e+00
3.809523809523809867e-02
0.000000000000000000e+00
0.000000000000000000e+00
0.000000000000000000e+00
9.523809523809524669e-03
4.444444444444444614e-02
0.000000000000000000e+00
0.000000000000000000e+00
2.349206349206349187e-01
0.000000000000000000e+00
0.000000000000000000e+00
2.539682539682539542e-01
0.000000000000000000e+00
0.000000000000000000e+00
0.000000000000000000e+00
2.444444444444444364e-01
0.000000000000000000e+00
0.000000000000000000e+00
1.650793650793650758e-01
0.000000000000000000e+00
0.000000000000000000e+00
4.761904761904761640e-02
0.000000000000000000e+00
0.000000000000000000e+00
0.000000000000000000e+00
9.523809523809524669e-03
2.857142857142857054e-02
0.000000000000000000e+00
0.000000000000000000e+00
9.523809523809523281e-02
0.000000000000000000e+00
0.000000000000000000e+00
2.507936507936507908e-01
0.000000000000000000e+00
0.000000000000000000e+00
0.000000000000000000e+00
3.555555555555555691e-01
0.000000000000000000e+00
0.000000000000000000e+00
1.968253968253968200e-01
0.000000000000000000e+00
0.000000000000000000e+00
6.031746031746031828e-02
0.000000000000000000e+00
0.000000000000000000e+00
0.000000000000000000e+00
1.269841269841269840e-02
2.222222222222222307e-02
0.000000000000000000e+00
0.000000000000000000e+00
1.746031746031745935e-01
0.000000000000000000e+00
0.000000000000000000e+00
3.174603174603174427e-01
0.000000000000000000e+00
0.000000000000000000e+00
0.000000000000000000e+00
3.111111111111111160e-01
0.000000000000000000e+00
0.000000000000000000e+00
1.238095238095238138e-01
0.000000000000000000e+00
0.000000000000000000e+00
4.761904761904761640e-02
0.000000000000000000e+00
0.000000000000000000e+00
0.000000000000000000e+00
3.174603174603174600e-03
8.888888888888889228e-02
0.000000000000000000e+00
0.000000000000000000e+00
2.031746031746031744e-01
0.000000000000000000e+00
0.000000000000000000e+00
3.047619047619047894e-01
0.000000000000000000e+00
0.000000000000000000e+00
0.000000000000000000e+00
2.476190476190476275e-01
0.000000000000000000e+00
0.000000000000000000e+00
1.142857142857142821e-01
0.000000000000000000e+00
0.000000000000000000e+00
3.174603174603174427e-02
0.000000000000000000e+00
0.000000000000000000e+00
0.000000000000000000e+00
9.523809523809524669e-03
