3.174603174603174427e-01
1.547619047619047672e-01
1.150793650793650730e-01
9.523809523809523281e-02
9.920634920634920084e-02
7.539682539682539264e-02
0.000000000000000000e+00
3.174603174603174427e-02
4.761904761904761640e-02
3.174603174603174427e-02
1.984126984126984017e-02
1.190476190476190410e-02
0.000000000000000000e+00
0.000000000000000000e+00
0.000000000000000000e+00
0.000000000000000000e+00
0.000000000000000000e+00
0.000000000000000000e+00
0.000000000000000000e+00
0.000000000000000000e+00
0.000000000000000000e+00
1.984126984126984017e-01
1.031746031746031689e-01
1.031746031746031689e-01
7.539682539682539264e-02
7.142857142857142461e-02
1.071428571428571369e-01
0.000000000000000000e+00
8.730158730158729674e-02
5.952380952380952051e-02
3.968253968253968034e-02
3.571428571428571230e-02
4.365079365079364837e-02
2.380952380952380820e-02
0.000000000000000000e+00
1.190476190476190410e-02
1.984126984126984017e-02
7.936507936507936067e-03
7.936507936507936067e-03
3.968253968253968034e-03
0.000000000000000000e+00
0.000000000000000000e+00
6.746031746031745657e-02
8.333333333333332871e-02
6.746031746031745657e-02
1.309523809523809590e-01
1.031746031746031689e-01
1.111111111111111049e-01
0.000000000000000000e+00
6.349206349206348854e-02
6.746031746031745657e-02
7.539682539682539264e-02
7.539682539682539264e-02
6.349206349206348854e-02
4.365079365079364837e-02
0.000000000000000000e+00
1.984126984126984017e-02
2.380952380952380820e-02
3.968253968253968034e-03
0.000000000000000000e+00
0.000000000000000000e+00
0.000000000000000000e+00
0.000000000000000000e+00
1.626984126984127033e-01
1.269841269841269771e-01
1.071428571428571369e-01
1.190476190476190410e-01
1.190476190476190410e-01
1.031746031746031689e-01
0.000000000000000000e+00
1.150793650793650730e-01
4.365079365079364837e-02
2.380952380952380820e-02
4.365079365079364837e-02
1.190476190476190410e-02
1.190476190476190410e-02
0.000000000000000000e+00
3.968253968253968034e-03
0.000000000000000000e+00
0.000000000000000000e+00
7.936507936507936067e-03
0.000000000000000000e+00
0.000000000000000000e+00
0.000000000000000000e+00
2.539682539682539542e-01
7.936507936507936067e-02
1.031746031746031689e-01
7.936507936507936067e-02
7.936507936507936067e-02
8.333333333333332871e-02
0.000000000000000000e+00
7.539682539682539264e-02
7.142857142857142461e-02
6.349206349206348854e-02
3.968253968253968034e-02
1.587301587301587213e-02
1.984126984126984017e-02
0.000000000000000000e+00
7.936507936507936067e-03
1.587301587301587213e-02
3.968253968253968034e-03
7.936507936507936067e-03
0.000000000000000000e+00
0.000000000000000000e+00
0.000000000000000000e+00
3.055555555555555802e-01
8.730158730158729674e-02
1.349206349206349131e-01
9.920634920634920084e-02
9.523809523809523281e-02
6.746031746031745657e-02
0.000000000000000000e+00
3.968253968253968034e-02
6.746031746031745657e-02
3.571428571428571230e-02
2.380952380952380820e-02
1.984126984126984017e-02
1.190476190476190410e-02
0.000000000000000000e+00
1.190476190476190410e-02
0.000000000000000000e+00
0.000000000000000000e+00
0.000000000000000000e+00
0.000000000000000000e+00
0.000000000000000000e+00
0.000000000000000000e+00
1.587301587301587213e-02
3.571428571428571230e-02
3.968253968253968034e-02
3.968253968253968034e-02
8.333333333333332871e-02
9.523809523809523281e-02
0.000000000000000000e+00
1.507936507936507853e-01
8.333333333333332871e-02
1.190476190476190410e-01
1.071428571428571369e-01
9.920634920634920084e-02
5.952380952380952051e-02
0.000000000000000000e+00
3.571428571428571230e-02
7.936507936507936067e-03
2.380952380952380820e-02
3.968253968253968034e-03
0.000000000000000000e+00
0.000000000000000000e+00
0.000000000000000000e+00
1.587301587301587213e-02
1.190476190476190410e-02
3.968253968253968034e-02
4.761904761904761640e-02
9.920634920634920084e-02
7.936507936507936067e-02
0.000000000000000000e+00
1.984126984126984017e-01
1.230158730158730090e-01
1.031746031746031689e-01
9.523809523809523281e-02
5.555555555555555247e-02
5.952380952380952051e-02
0.000000000000000000e+00
3.571428571428571230e-02
1.984126984126984017e-02
1.190476190476190410e-02
3.968253968253968034e-03
0.000000000000000000e+00
0.000000000000000000e+00
0.000000000000000000e+00
1.706349206349206393e-01
1.150793650793650730e-01
6.746031746031745657e-02
9.126984126984126477e-02
9.523809523809523281e-02
1.031746031746031689e-01
0.000000000000000000e+00
6.746031746031745657e-02
5.555555555555555247e-02
7.936507936507936067e-02
7.142857142857142461e-02
2.777777777777777624e-02
3.571428571428571230e-02
0.000000000000000000e+00
1.587301587301587213e-02
3.968253968253968034e-03
0.000000000000000000e+00
0.000000000000000000e+00
0.000000000000000000e+00
0.000000000000000000e+00
0.000000000000000000e+00
1.349206349206349131e-01
1.071428571428571369e-01
5.952380952380952051e-02
1.190476190476190410e-01
7.539682539682539264e-02
7.142857142857142461e-02
0.000000000000000000e+00
1.071428571428571369e-01
7.142857142857142461e-02
9.126984126984126477e-02
5.555555555555555247e-02
3.174603174603174427e-02
3.571428571428571230e-02
0.000000000000000000e+00
1.587301587301587213e-02
2.380952380952380820e-02
0.000000000000000000e+00
0.000000000000000000e+00
0.000000000000000000e+00
0.000000000000000000e+00
0.000000000000000000e+00
1.309523809523809590e-01
8.730158730158729674e-02
5.158730158730158444e-02
1.190476190476190410e-01
9.126984126984126477e-02
1.031746031746031689e-01
0.000000000000000000e+00
9.126984126984126477e-02
6.746031746031745657e-02
8.333333333333332871e-02
7.142857142857142461e-02
3.571428571428571230e-02
3.968253968253968034e-02
0.000000000000000000e+00
1.587301587301587213e-02
3.968253968253968034e-03
7.936507936507936067e-03
0.000000000000000000e+00
0.000000000000000000e+00
0.000000000000000000e+00
0.000000000000000000e+00
3.968253968253968034e-02
5.158730158730158444e-02
6.349206349206348854e-02
5.952380952380952051e-02
7.539682539682539264e-02
8.333333333333332871e-02
0.000000000000000000e+00
9.523809523809523281e-02
7.142857142857142461e-02
9.920634920634920084e-02
1.031746031746031689e-01
9.920634920634920084e-02
7.142857142857142461e-02
0.000000000000000000e+00
4.365079365079364837e-02
3.174603174603174427e-02
1.190476190476190410e-02
0.000000000000000000e+00
0.000000000000000000e+00
0.000000000000000000e+00
0.000000000000000000e+00
1.984126984126984017e-02
6.746031746031745657e-02
1.071428571428571369e-01
1.071428571428571369e-01
8.333333333333332871e-02
1.190476190476190410e-01
0.000000000000000000e+00
1.150793650793650730e-01
1.349206349206349131e-01
8.730158730158729674e-02
5.555555555555555247e-02
5.158730158730158444e-02
2.777777777777777624e-02
0.000000000000000000e+00
7.936507936507936067e-03
7.936507936507936067e-03
3.968253968253968034e-03
3.968253968253968034e-03
0.000000000000000000e+00
0.000000000000000000e+00
0.000000000000000000e+00
1.587301587301587213e-02
6.746031746031745657e-02
4.761904761904761640e-02
5.158730158730158444e-02
8.333333333333332871e-02
1.349206349206349131e-01
0.000000000000000000e+00
1.388888888888888951e-01
1.150793650793650730e-01
1.190476190476190410e-01
7.539682539682539264e-02
7.142857142857142461e-02
4.761904761904761640e-02
0.000000000000000000e+00
1.587301587301587213e-02
1.190476190476190410e-02
3.968253968253968034e-03
0.000000000000000000e+00
0.000000000000000000e+00
0.000000000000000000e+00
0.000000000000000000e+00
1.984126984126984017e-02
3.968253968253968034e-02
4.365079365079364837e-02
7.539682539682539264e-02
7.142857142857142461e-02
1.071428571428571369e-01
0.000000000000000000e+00
1.269841269841269771e-01
1.507936507936507853e-01
1.111111111111111049e-01
1.111111111111111049e-01
7.142857142857142461e-02
3.571428571428571230e-02
0.000000000000000000e+00
1.984126984126984017e-02
1.587301587301587213e-02
0.000000000000000000e+00
0.000000000000000000e+00
0.000000000000000000e+00
0.000000000000000000e+00
0.000000000000000000e+00
6.349206349206348854e-02
1.031746031746031689e-01
8.730158730158729674e-02
1.071428571428571369e-01
9.126984126984126477e-02
1.031746031746031689e-01
0.000000000000000000e+00
8.333333333333332871e-02
9.523809523809523281e-02
7.936507936507936067e-02
9.126984126984126477e-02
5.158730158730158444e-02
2.380952380952380820e-02
0.000000000000000000e+00
1.587301587301587213e-02
0.000000000000000000e+00
0.000000000000000000e+00
3.968253968253968034e-03
0.000000000000000000e+00
0.000000000000000000e+00
0.000000000000000000e+00
1.190476190476190410e-02
1.190476190476190410e-02
3.174603174603174427e-02
5.158730158730158444e-02
7.539682539682539264e-02
1.031746031746031689e-01
0.000000000000000000e+00
9.920634920634920084e-02
1.190476190476190410e-01
1.865079365079365115e-01
8.730158730158729674e-02
9.523809523809523281e-02
7.142857142857142461e-02
0.000000000000000000e+00
2.777777777777777624e-02
7.936507936507936067e-03
7.936507936507936067e-03
7.936507936507936067e-03
3.968253968253968034e-03
0.000000000000000000e+00
0.000000000000000000e+00
0.000000000000000000e+00
1.190476190476190410e-02
1.984126984126984017e-02
5.952380952380952051e-02
1.071428571428571369e-01
9.126984126984126477e-02
0.000000000000000000e+00
1.349206349206349131e-01
1.865079365079365115e-01
1.031746031746031689e-01
9.126984126984126477e-02
1.111111111111111049e-01
3.968253968253968034e-02
0.000000000000000000e+00
2.777777777777777624e-02
1.190476190476190410e-02
3.968253968253968034e-03
0.000000000000000000e+00
0.000000000000000000e+00
0.000000000000000000e+00
0.000000000000000000e+00
0.000000000000000000e+00
1.587301587301587213e-02
1.984126984126984017e-02
3.571428571428571230e-02
5.158730158730158444e-02
4.365079365079364837e-02
0.000000000000000000e+00
9.920634920634920084e-02
7.142857142857142461e-02
1.230158730158730090e-01
1.269841269841269771e-01
1.468253968253968311e-01
9.920634920634920084e-02
0.000000000000000000e+00
7.142857142857142461e-02
4.365079365079364837e-02
3.968253968253968034e-02
7.936507936507936067e-03
3.968253968253968034e-03
0.000000000000000000e+00
0.000000000000000000e+00
7.936507936507936067e-03
1.984126984126984017e-02
3.571428571428571230e-02
4.365079365079364837e-02
3.571428571428571230e-02
9.126984126984126477e-02
0.000000000000000000e+00
1.388888888888888951e-01
1.031746031746031689e-01
1.230158730158730090e-01
9.523809523809523281e-02
1.309523809523809590e-01
5.158730158730158444e-02
0.000000000000000000e+00
4.365079365079364837e-02
5.952380952380952051e-02
1.587301587301587213e-02
3.968253968253968034e-03
0.000000000000000000e+00
0.000000000000000000e+00
0.000000000000000000e+00
0.000000000000000000e+00
3.968253968253968034e-03
3.571428571428571230e-02
7.539682539682539264e-02
9.126984126984126477e-02
1.428571428571428492e-01
0.000000000000000000e+00
1.230158730158730090e-01
1.349206349206349131e-01
1.468253968253968311e-01
1.031746031746031689e-01
6.746031746031745657e-02
3.174603174603174427e-02
0.000000000000000000e+00
1.587301587301587213e-02
2.777777777777777624e-02
0.000000000000000000e+00
0.000000000000000000e+00
0.000000000000000000e+00
0.000000000000000000e+00
0.000000000000000000e+00
0.000000000000000000e+00
3.968253968253968034e-03
1.190476190476190410e-02
1.587301587301587213e-02
3.174603174603174427e-02
1.111111111111111049e-01
0.000000000000000000e+00
1.071428571428571369e-01
1.150793650793650730e-01
1.468253968253968311e-01
1.984126984126984017e-01
1.388888888888888951e-01
8.333333333333332871e-02
0.000000000000000000e+00
1.984126984126984017e-02
1.190476190476190410e-02
3.968253968253968034e-03
0.000000000000000000e+00
0.000000000000000000e+00
0.000000000000000000e+00
0.000000000000000000e+00
0.000000000000000000e+00
0.000000000000000000e+00
2.777777777777777624e-02
5.158730158730158444e-02
1.071428571428571369e-01
1.190476190476190410e-01
0.000000000000000000e+00
1.150793650793650730e-01
1.468253968253968311e-01
1.309523809523809590e-01
1.468253968253968311e-01
9.126984126984126477e-02
3.174603174603174427e-02
0.000000000000000000e+00
1.984126984126984017e-02
1.190476190476190410e-02
0.000000000000000000e+00
0.000000000000000000e+00
0.000000000000000000e+00
0.000000000000000000e+00
0.000000000000000000e+00
0.000000000000000000e+00
3.968253968253968034e-03
7.936507936507936067e-03
1.587301587301587213e-02
5.158730158730158444e-02
8.333333333333332871e-02
0.000000000000000000e+00
1.150793650793650730e-01
1.388888888888888951e-01
1.666666666666666574e-01
8.333333333333332871e-02
1.269841269841269771e-01
9.920634920634920084e-02
0.000000000000000000e+00
3.968253968253968034e-02
3.571428571428571230e-02
2.777777777777777624e-02
3.968253968253968034e-03
0.000000000000000000e+00
0.000000000000000000e+00
0.000000000000000000e+00
7.936507936507936067e-03
1.587301587301587213e-02
1.190476190476190410e-02
3.968253968253968034e-02
7.539682539682539264e-02
1.031746031746031689e-01
0.000000000000000000e+00
1.269841269841269771e-01
8.730158730158729674e-02
1.428571428571428492e-01
1.468253968253968311e-01
7.142857142857142461e-02
1.111111111111111049e-01
0.000000000000000000e+00
3.968253968253968034e-02
1.190476190476190410e-02
7.936507936507936067e-03
0.000000000000000000e+00
0.000000000000000000e+00
0.000000000000000000e+00
0.000000000000000000e+00
