6.603174603174603030e-01
2.317460317460317554e-01
0.000000000000000000e+00
1.015873015873015872e-01
0.000000000000000000e+00
6.349206349206349201e-03
0.000000000000000000e+00
0.000000000000000000e+00
0.000000000000000000e+00
0.000000000000000000e+00
0.000000000000000000e+00
0.000000000000000000e+00
0.000000000000000000e+00
0.000000000000000000e+00
0.000000000000000000e+00
0.000000000000000000e+00
0.000000000000000000e+00
0.000000000000000000e+00
0.000000000000000000e+00
0.000000000000000000e+00
0.000000000000000000e+00
8.698412698412698596e-01
1.174603174603174593e-01
0.000000000000000000e+00
1.269841269841269840e-02
0.000000000000000000e+00
0.000000000000000000e+00
0.000000000000000000e+00
0.000000000000000000e+00
0.000000000000000000e+00
0.000000000000000000e+00
0.000000000000000000e+00
0.000000000000000000e+00
0.000000000000000000e+00
0.000000000000000000e+00
0.000000000000000000e+00
0.000000000000000000e+00
0.000000000000000000e+00
0.000000000000000000e+00
0.000000000000000000e+00
0.000000000000000000e+00
0.000000000000000000e+00
4.253968253968253843e-01
3.142857142857142794e-01
0.000000000000000000e+00
1.809523809523809479e-01
0.000000000000000000e+00
6.349206349206348854e-02
1.587301587301587213e-02
0.000000000000000000e+00
0.000000000000000000e+00
0.000000000000000000e+00
0.000000000000000000e+00
0.000000000000000000e+00
0.000000000000000000e+00
0.000000000000000000e+00
0.000000000000000000e+00
0.000000000000000000e+00
0.000000000000000000e+00
0.000000000000000000e+00
0.000000000000000000e+00
0.000000000000000000e+00
0.000000000000000000e+00
0.000000000000000000e+00
1.269841269841269840e-02
0.000000000000000000e+00
1.396825396825396859e-01
0.000000000000000000e+00
2.888888888888888618e-01
2.730158730158729896e-01
0.000000000000000000e+00
1.873015873015873023e-01
0.000000000000000000e+00
8.571428571428571508e-02
1.269841269841269840e-02
0.000000000000000000e+00
0.000000000000000000e+00
0.000000000000000000e+00
0.000000000000000000e+00
0.000000000000000000e+00
0.000000000000000000e+00
0.000000000000000000e+00
0.000000000000000000e+00
0.000000000000000000e+00
1.460317460317460403e-01
1.301587301587301682e-01
0.000000000000000000e+00
1.460317460317460403e-01
0.000000000000000000e+00
1.142857142857142821e-01
1.238095238095238138e-01
0.000000000000000000e+00
1.238095238095238138e-01
0.000000000000000000e+00
1.365079365079364948e-01
5.714285714285714107e-02
0.000000000000000000e+00
1.587301587301587213e-02
0.000000000000000000e+00
6.349206349206349201e-03
0.000000000000000000e+00
0.000000000000000000e+00
0.000000000000000000e+00
0.000000000000000000e+00
0.000000000000000000e+00
2.253968253968254010e-01
1.238095238095238138e-01
0.000000000000000000e+00
1.396825396825396859e-01
0.000000000000000000e+00
9.206349206349206948e-02
9.523809523809523281e-02
0.000000000000000000e+00
1.047619047619047644e-01
0.000000000000000000e+00
1.047619047619047644e-01
6.349206349206348854e-02
0.000000000000000000e+00
2.857142857142857054e-02
0.000000000000000000e+00
1.904761904761904934e-02
3.174603174603174600e-03
0.000000000000000000e+00
0.000000000000000000e+00
0.000000000000000000e+00
0.000000000000000000e+00
1.587301587301587213e-02
7.619047619047619735e-02
0.000000000000000000e+00
1.047619047619047644e-01
0.000000000000000000e+00
1.174603174603174593e-01
1.936507936507936567e-01
0.000000000000000000e+00
2.000000000000000111e-01
0.000000000000000000e+00
1.238095238095238138e-01
9.206349206349206948e-02
0.000000000000000000e+00
6.031746031746031828e-02
0.000000000000000000e+00
1.587301587301587213e-02
0.000000000000000000e+00
0.000000000000000000e+00
0.000000000000000000e+00
0.000000000000000000e+00
0.000000000000000000e+00
0.000000000000000000e+00
9.523809523809524669e-03
0.000000000000000000e+00
1.555555555555555580e-01
0.000000000000000000e+00
2.888888888888888618e-01
2.920634920634920806e-01
0.000000000000000000e+00
1.682539682539682668e-01
0.000000000000000000e+00
6.349206349206348854e-02
1.269841269841269840e-02
0.000000000000000000e+00
9.523809523809524669e-03
0.000000000000000000e+00
0.000000000000000000e+00
0.000000000000000000e+00
0.000000000000000000e+00
0.000000000000000000e+00
0.000000000000000000e+00
0.000000000000000000e+00
0.000000000000000000e+00
1.587301587301587213e-02
0.000000000000000000e+00
2.539682539682539680e-02
0.000000000000000000e+00
1.142857142857142821e-01
2.031746031746031744e-01
0.000000000000000000e+00
1.904761904761904656e-01
0.000000000000000000e+00
1.873015873015873023e-01
1.333333333333333315e-01
0.000000000000000000e+00
7.936507936507936067e-02
0.000000000000000000e+00
4.126984126984126894e-02
3.174603174603174600e-03
0.000000000000000000e+00
3.174603174603174600e-03
0.000000000000000000e+00
3.174603174603174600e-03
0.000000000000000000e+00
3.174603174603174600e-03
0.000000000000000000e+00
2.857142857142857054e-02
0.000000000000000000e+00
5.396825396825397081e-02
1.269841269841269771e-01
0.000000000000000000e+00
1.936507936507936567e-01
0.000000000000000000e+00
2.000000000000000111e-01
1.904761904761904656e-01
0.000000000000000000e+00
1.206349206349206366e-01
0.000000000000000000e+00
6.666666666666666574e-02
9.523809523809524669e-03
0.000000000000000000e+00
3.174603174603174600e-03
0.000000000000000000e+00
3.174603174603174600e-03
0.000000000000000000e+00
3.174603174603174600e-03
0.000000000000000000e+00
3.174603174603174600e-03
0.000000000000000000e+00
1.904761904761904934e-02
8.888888888888889228e-02
0.000000000000000000e+00
1.174603174603174593e-01
0.000000000000000000e+00
2.317460317460317554e-01
2.126984126984126922e-01
0.000000000000000000e+00
1.650793650793650758e-01
0.000000000000000000e+00
1.111111111111111049e-01
3.174603174603174427e-02
0.000000000000000000e+00
1.587301587301587213e-02
0.000000000000000000e+00
0.000000000000000000e+00
0.000000000000000000e+00
0.000000000000000000e+00
0.000000000000000000e+00
3.174603174603174600e-03
0.000000000000000000e+00
3.174603174603174427e-02
6.349206349206348854e-02
0.000000000000000000e+00
1.523809523809523947e-01
0.000000000000000000e+00
1.809523809523809479e-01
2.095238095238095288e-01
0.000000000000000000e+00
1.682539682539682668e-01
0.000000000000000000e+00
1.238095238095238138e-01
5.714285714285714107e-02
0.000000000000000000e+00
9.523809523809524669e-03
0.000000000000000000e+00
0.000000000000000000e+00
