2.317460317460317554e-01
0.000000000000000000e+00
0.000000000000000000e+00
0.000000000000000000e+00
3.746031746031746046e-01
0.000000000000000000e+00
0.000000000000000000e+00
0.000000000000000000e+00
3.015873015873015706e-01
0.000000000000000000e+00
0.000000000000000000e+00
7.619047619047619735e-02
0.000000000000000000e+00
0.000000000000000000e+00
0.000000000000000000e+00
0.000000000000000000e+00
1.587301587301587213e-02
0.000000000000000000e+00
0.000000000000000000e+00
0.000000000000000000e+00
0.000000000000000000e+00
3.206349206349206615e-01
0.000000000000000000e+00
0.000000000000000000e+00
0.000000000000000000e+00
3.936507936507936400e-01
0.000000000000000000e+00
0.000000000000000000e+00
0.000000000000000000e+00
2.063492063492063378e-01
0.000000000000000000e+00
0.000000000000000000e+00
7.936507936507936067e-02
0.000000000000000000e+00
0.000000000000000000e+00
0.000000000000000000e+00
0.000000000000000000e+00
0.000000000000000000e+00
0.000000000000000000e+00
0.000000000000000000e+00
0.000000000000000000e+00
0.000000000000000000e+00
5.619047619047619069e-01
0.000000000000000000e+00
0.000000000000000000e+00
0.000000000000000000e+00
3.333333333333333148e-01
0.000000000000000000e+00
0.000000000000000000e+00
0.000000000000000000e+00
6.031746031746031828e-02
0.000000000000000000e+00
0.000000000000000000e+00
3.809523809523809867e-02
0.000000000000000000e+00
0.000000000000000000e+00
0.000000000000000000e+00
0.000000000000000000e+00
6.349206349206349201e-03
0.000000000000000000e+00
0.000000000000000000e+00
0.000000000000000000e+00
0.000000000000000000e+00
6.031746031746031411e-01
0.000000000000000000e+00
0.000000000000000000e+00
0.000000000000000000e+00
3.333333333333333148e-01
0.000000000000000000e+00
0.000000000000000000e+00
0.000000000000000000e+00
6.031746031746031828e-02
0.000000000000000000e+00
0.000000000000000000e+00
0.000000000000000000e+00
0.000000000000000000e+00
0.000000000000000000e+00
0.000000000000000000e+00
0.000000000000000000e+00
3.174603174603174600e-03
0.000000000000000000e+00
0.000000000000000000e+00
0.000000000000000000e+00
0.000000000000000000e+00
4.444444444444444614e-02
0.000000000000000000e+00
0.000000000000000000e+00
0.000000000000000000e+00
1.682539682539682668e-01
0.000000000000000000e+00
0.000000000000000000e+00
0.000000000000000000e+00
3.396825396825396970e-01
0.000000000000000000e+00
0.000000000000000000e+00
3.015873015873015706e-01
0.000000000000000000e+00
0.000000000000000000e+00
0.000000000000000000e+00
0.000000000000000000e+00
1.174603174603174593e-01
0.000000000000000000e+00
0.000000000000000000e+00
0.000000000000000000e+00
2.857142857142857054e-02
3.809523809523809867e-02
0.000000000000000000e+00
0.000000000000000000e+00
0.000000000000000000e+00
1.746031746031745935e-01
0.000000000000000000e+00
0.000000000000000000e+00
0.000000000000000000e+00
2.666666666666666630e-01
0.000000000000000000e+00
0.000000000000000000e+00
3.079365079365079527e-01
0.000000000000000000e+00
0.000000000000000000e+00
0.000000000000000000e+00
0.000000000000000000e+00
1.682539682539682668e-01
0.000000000000000000e+00
0.000000000000000000e+00
0.000000000000000000e+00
4.444444444444444614e-02
5.396825396825397081e-02
0.000000000000000000e+00
0.000000000000000000e+00
0.000000000000000000e+00
1.841269841269841390e-01
0.000000000000000000e+00
0.000000000000000000e+00
0.000000000000000000e+00
3.333333333333333148e-01
0.000000000000000000e+00
0.000000000000000000e+00
2.634920634920634996e-01
0.000000000000000000e+00
0.000000000000000000e+00
0.000000000000000000e+00
0.000000000000000000e+00
1.333333333333333315e-01
0.000000000000000000e+00
0.000000000000000000e+00
0.000000000000000000e+00
3.174603174603174427e-02
4.444444444444444614e-02
0.000000000000000000e+00
0.000000000000000000e+00
0.000000000000000000e+00
2.476190476190476275e-01
0.000000000000000000e+00
0.000000000000000000e+00
0.000000000000000000e+00
3.142857142857142794e-01
0.000000000000000000e+00
0.000000000000000000e+00
2.571428571428571175e-01
0.000000000000000000e+00
0.000000000000000000e+00
0.000000000000000000e+00
0.000000000000000000e+00
1.142857142857142821e-01
0.000000000000000000e+00
0.000000000000000000e+00
0.000000000000000000e+00
2.222222222222222307e-02
3.174603174603174427e-02
0.000000000000000000e+00
0.000000000000000000e+00
0.000000000000000000e+00
1.714285714285714302e-01
0.000000000000000000e+00
0.000000000000000000e+00
0.000000000000000000e+00
2.698412698412698263e-01
0.000000000000000000e+00
0.000000000000000000e+00
3.142857142857142794e-01
0.000000000000000000e+00
0.000000000000000000e+00
0.000000000000000000e+00
0.000000000000000000e+00
1.714285714285714302e-01
0.000000000000000000e+00
0.000000000000000000e+00
0.000000000000000000e+00
4.126984126984126894e-02
0.000000000000000000e+00
0.000000000000000000e+00
0.000000000000000000e+00
0.000000000000000000e+00
6.031746031746031828e-02
0.000000000000000000e+00
0.000000000000000000e+00
0.000000000000000000e+00
2.761904761904762085e-01
0.000000000000000000e+00
0.000000000000000000e+00
3.587301587301587324e-01
0.000000000000000000e+00
0.000000000000000000e+00
0.000000000000000000e+00
0.000000000000000000e+00
2.317460317460317554e-01
0.000000000000000000e+00
0.000000000000000000e+00
0.000000000000000000e+00
7.301587301587302015e-02
2.222222222222222307e-02
0.000000000000000000e+00
0.000000000000000000e+00
0.000000000000000000e+00
1.142857142857142821e-01
0.000000000000000000e+00
0.000000000000000000e+00
0.000000000000000000e+00
2.920634920634920806e-01
0.000000000000000000e+00
0.000000000000000000e+00
3.619047619047618958e-01
0.000000000000000000e+00
0.000000000000000000e+00
0.000000000000000000e+00
0.000000000000000000e+00
1.873015873015873023e-01
0.000000000000000000e+00
0.000000000000000000e+00
0.000000000000000000e+00
2.222222222222222307e-02
6.349206349206349201e-03
0.000000000000000000e+00
0.000000000000000000e+00
0.000000000000000000e+00
6.984126984126984294e-02
0.000000000000000000e+00
0.000000000000000000e+00
0.000000000000000000e+00
1.968253968253968200e-01
0.000000000000000000e+00
0.000000000000000000e+00
4.000000000000000222e-01
0.000000000000000000e+00
0.000000000000000000e+00
0.000000000000000000e+00
0.000000000000000000e+00
2.444444444444444364e-01
0.000000000000000000e+00
0.000000000000000000e+00
0.000000000000000000e+00
8.253968253968253788e-02
