2.222222222222222099e-01
3.174603174603174427e-01
0.000000000000000000e+00
1.015873015873015872e-01
0.000000000000000000e+00
7.936507936507936067e-02
0.000000000000000000e+00
6.031746031746031828e-02
0.000000000000000000e+00
6.031746031746031828e-02
3.174603174603174427e-02
0.000000000000000000e+00
4.126984126984126894e-02
0.000000000000000000e+00
3.492063492063492147e-02
0.000000000000000000e+00
3.809523809523809867e-02
0.000000000000000000e+00
1.269841269841269840e-02
0.000000000000000000e+00
0.000000000000000000e+00
9.333333333333333481e-01
6.666666666666666574e-02
0.000000000000000000e+00
0.000000000000000000e+00
0.000000000000000000e+00
0.000000000000000000e+00
0.000000000000000000e+00
0.000000000000000000e+00
0.000000000000000000e+00
0.000000000000000000e+00
0.000000000000000000e+00
0.000000000000000000e+00
0.000000000000000000e+00
0.000000000000000000e+00
0.000000000000000000e+00
0.000000000000000000e+00
0.000000000000000000e+00
0.000000000000000000e+00
0.000000000000000000e+00
0.000000000000000000e+00
0.000000000000000000e+00
8.031746031746032077e-01
1.206349206349206366e-01
0.000000000000000000e+00
4.126984126984126894e-02
0.000000000000000000e+00
3.492063492063492147e-02
0.000000000000000000e+00
0.000000000000000000e+00
0.000000000000000000e+00
0.000000000000000000e+00
0.000000000000000000e+00
0.000000000000000000e+00
0.000000000000000000e+00
0.000000000000000000e+00
0.000000000000000000e+00
0.000000000000000000e+00
0.000000000000000000e+00
0.000000000000000000e+00
0.000000000000000000e+00
0.000000000000000000e+00
0.000000000000000000e+00
8.825396825396825129e-01
6.666666666666666574e-02
0.000000000000000000e+00
3.174603174603174427e-02
0.000000000000000000e+00
1.904761904761904934e-02
0.000000000000000000e+00
0.000000000000000000e+00
0.000000000000000000e+00
0.000000000000000000e+00
0.000000000000000000e+00
0.000000000000000000e+00
0.000000000000000000e+00
0.000000000000000000e+00
0.000000000000000000e+00
0.000000000000000000e+00
0.000000000000000000e+00
0.000000000000000000e+00
0.000000000000000000e+00
0.000000000000000000e+00
0.000000000000000000e+00
0.000000000000000000e+00
3.174603174603174600e-03
0.000000000000000000e+00
3.809523809523809867e-02
0.000000000000000000e+00
6.984126984126984294e-02
0.000000000000000000e+00
1.269841269841269771e-01
0.000000000000000000e+00
2.666666666666666630e-01
2.380952380952380820e-01
0.000000000000000000e+00
1.587301587301587213e-01
0.000000000000000000e+00
8.571428571428571508e-02
0.000000000000000000e+00
9.523809523809524669e-03
0.000000000000000000e+00
3.174603174603174600e-03
0.000000000000000000e+00
0.000000000000000000e+00
4.126984126984126894e-02
8.253968253968253788e-02
0.000000000000000000e+00
2.380952380952380820e-01
0.000000000000000000e+00
2.126984126984126922e-01
0.000000000000000000e+00
7.619047619047619735e-02
0.000000000000000000e+00
8.888888888888889228e-02
6.666666666666666574e-02
0.000000000000000000e+00
9.523809523809523281e-02
0.000000000000000000e+00
7.619047619047619735e-02
0.000000000000000000e+00
1.904761904761904934e-02
0.000000000000000000e+00
3.174603174603174600e-03
0.000000000000000000e+00
0.000000000000000000e+00
0.000000000000000000e+00
0.000000000000000000e+00
0.000000000000000000e+00
2.222222222222222307e-02
0.000000000000000000e+00
1.396825396825396859e-01
0.000000000000000000e+00
1.047619047619047644e-01
0.000000000000000000e+00
2.317460317460317554e-01
2.476190476190476275e-01
0.000000000000000000e+00
2.031746031746031744e-01
0.000000000000000000e+00
4.126984126984126894e-02
0.000000000000000000e+00
9.523809523809524669e-03
0.000000000000000000e+00
0.000000000000000000e+00
0.000000000000000000e+00
0.000000000000000000e+00
0.000000000000000000e+00
1.269841269841269840e-02
0.000000000000000000e+00
2.539682539682539680e-02
0.000000000000000000e+00
2.126984126984126922e-01
0.000000000000000000e+00
1.492063492063492036e-01
0.000000000000000000e+00
2.349206349206349187e-01
2.126984126984126922e-01
0.000000000000000000e+00
9.206349206349206948e-02
0.000000000000000000e+00
4.444444444444444614e-02
0.000000000000000000e+00
1.587301587301587213e-02
0.000000000000000000e+00
0.000000000000000000e+00
0.000000000000000000e+00
0.000000000000000000e+00
0.000000000000000000e+00
0.000000000000000000e+00
0.000000000000000000e+00
0.000000000000000000e+00
0.000000000000000000e+00
1.904761904761904934e-02
0.000000000000000000e+00
7.619047619047619735e-02
0.000000000000000000e+00
3.047619047619047894e-01
2.984126984126984072e-01
0.000000000000000000e+00
1.777777777777777846e-01
0.000000000000000000e+00
6.349206349206348854e-02
0.000000000000000000e+00
4.126984126984126894e-02
0.000000000000000000e+00
1.904761904761904934e-02
0.000000000000000000e+00
0.000000000000000000e+00
0.000000000000000000e+00
0.000000000000000000e+00
0.000000000000000000e+00
1.269841269841269840e-02
0.000000000000000000e+00
4.126984126984126894e-02
0.000000000000000000e+00
1.079365079365079416e-01
0.000000000000000000e+00
1.968253968253968200e-01
2.349206349206349187e-01
0.000000000000000000e+00
2.222222222222222099e-01
0.000000000000000000e+00
1.238095238095238138e-01
0.000000000000000000e+00
4.126984126984126894e-02
0.000000000000000000e+00
1.587301587301587213e-02
0.000000000000000000e+00
3.174603174603174600e-03
0.000000000000000000e+00
0.000000000000000000e+00
0.000000000000000000e+00
3.174603174603174600e-03
0.000000000000000000e+00
1.587301587301587213e-02
0.000000000000000000e+00
7.301587301587302015e-02
0.000000000000000000e+00
2.730158730158729896e-01
3.079365079365079527e-01
0.000000000000000000e+00
1.904761904761904656e-01
0.000000000000000000e+00
1.015873015873015872e-01
0.000000000000000000e+00
3.174603174603174427e-02
0.000000000000000000e+00
3.174603174603174600e-03
0.000000000000000000e+00
0.000000000000000000e+00
0.000000000000000000e+00
0.000000000000000000e+00
0.000000000000000000e+00
3.174603174603174600e-03
0.000000000000000000e+00
2.857142857142857054e-02
0.000000000000000000e+00
7.619047619047619735e-02
0.000000000000000000e+00
2.380952380952380820e-01
2.412698412698412731e-01
0.000000000000000000e+00
2.126984126984126922e-01
0.000000000000000000e+00
1.587301587301587213e-01
0.000000000000000000e+00
3.174603174603174427e-02
0.000000000000000000e+00
6.349206349206349201e-03
0.000000000000000000e+00
3.174603174603174600e-03
