9.523809523809524669e-03
2.222222222222222307e-02
0.000000000000000000e+00
1.396825396825396859e-01
0.000000000000000000e+00
2.317460317460317554e-01
0.000000000000000000e+00
2.857142857142856984e-01
0.000000000000000000e+00
2.095238095238095288e-01
8.253968253968253788e-02
0.000000000000000000e+00
1.587301587301587213e-02
0.000000000000000000e+00
3.174603174603174600e-03
0.000000000000000000e+00
0.000000000000000000e+00
0.000000000000000000e+00
0.000000000000000000e+00
0.000000000000000000e+00
0.000000000000000000e+00
9.523809523809524669e-03
6.349206349206348854e-02
0.000000000000000000e+00
1.682539682539682668e-01
0.000000000000000000e+00
2.444444444444444364e-01
0.000000000000000000e+00
2.984126984126984072e-01
0.000000000000000000e+00
1.492063492063492036e-01
5.396825396825397081e-02
0.000000000000000000e+00
9.523809523809524669e-03
0.000000000000000000e+00
3.174603174603174600e-03
0.000000000000000000e+00
0.000000000000000000e+00
0.000000000000000000e+00
0.000000000000000000e+00
0.000000000000000000e+00
0.000000000000000000e+00
0.000000000000000000e+00
4.761904761904761640e-02
0.000000000000000000e+00
1.904761904761904656e-01
0.000000000000000000e+00
3.142857142857142794e-01
0.000000000000000000e+00
2.571428571428571175e-01
0.000000000000000000e+00
1.428571428571428492e-01
3.809523809523809867e-02
0.000000000000000000e+00
9.523809523809524669e-03
0.000000000000000000e+00
0.000000000000000000e+00
0.000000000000000000e+00
0.000000000000000000e+00
0.000000000000000000e+00
0.000000000000000000e+00
0.000000000000000000e+00
0.000000000000000000e+00
6.349206349206349201e-03
8.888888888888889228e-02
0.000000000000000000e+00
1.682539682539682668e-01
0.000000000000000000e+00
2.730158730158729896e-01
0.000000000000000000e+00
2.730158730158729896e-01
0.000000000000000000e+00
1.206349206349206366e-01
5.079365079365079361e-02
0.000000000000000000e+00
1.904761904761904934e-02
0.000000000000000000e+00
0.000000000000000000e+00
0.000000000000000000e+00
0.000000000000000000e+00
0.000000000000000000e+00
0.000000000000000000e+00
0.000000000000000000e+00
0.000000000000000000e+00
0.000000000000000000e+00
2.857142857142857054e-02
0.000000000000000000e+00
7.936507936507936067e-02
0.000000000000000000e+00
2.095238095238095288e-01
0.000000000000000000e+00
2.349206349206349187e-01
0.000000000000000000e+00
2.793650793650793718e-01
1.111111111111111049e-01
0.000000000000000000e+00
5.079365079365079361e-02
0.000000000000000000e+00
6.349206349206349201e-03
0.000000000000000000e+00
0.000000000000000000e+00
0.000000000000000000e+00
0.000000000000000000e+00
0.000000000000000000e+00
0.000000000000000000e+00
6.349206349206349201e-03
3.174603174603174427e-02
0.000000000000000000e+00
4.444444444444444614e-02
0.000000000000000000e+00
1.206349206349206366e-01
0.000000000000000000e+00
2.095238095238095288e-01
0.000000000000000000e+00
2.952380952380952439e-01
2.349206349206349187e-01
0.000000000000000000e+00
5.079365079365079361e-02
0.000000000000000000e+00
3.174603174603174600e-03
0.000000000000000000e+00
3.174603174603174600e-03
0.000000000000000000e+00
0.000000000000000000e+00
0.000000000000000000e+00
0.000000000000000000e+00
9.523809523809524669e-03
3.809523809523809867e-02
0.000000000000000000e+00
1.238095238095238138e-01
0.000000000000000000e+00
2.317460317460317554e-01
0.000000000000000000e+00
2.698412698412698263e-01
0.000000000000000000e+00
2.000000000000000111e-01
1.015873015873015872e-01
0.000000000000000000e+00
2.539682539682539680e-02
0.000000000000000000e+00
0.000000000000000000e+00
0.000000000000000000e+00
0.000000000000000000e+00
0.000000000000000000e+00
0.000000000000000000e+00
0.000000000000000000e+00
0.000000000000000000e+00
0.000000000000000000e+00
1.269841269841269840e-02
0.000000000000000000e+00
5.714285714285714107e-02
0.000000000000000000e+00
1.015873015873015872e-01
0.000000000000000000e+00
1.396825396825396859e-01
0.000000000000000000e+00
2.507936507936507908e-01
2.095238095238095288e-01
0.000000000000000000e+00
1.111111111111111049e-01
0.000000000000000000e+00
8.571428571428571508e-02
0.000000000000000000e+00
2.539682539682539680e-02
0.000000000000000000e+00
6.349206349206349201e-03
0.000000000000000000e+00
0.000000000000000000e+00
2.539682539682539680e-02
3.492063492063492147e-02
0.000000000000000000e+00
1.396825396825396859e-01
0.000000000000000000e+00
2.126984126984126922e-01
0.000000000000000000e+00
2.539682539682539542e-01
0.000000000000000000e+00
1.936507936507936567e-01
1.111111111111111049e-01
0.000000000000000000e+00
2.222222222222222307e-02
0.000000000000000000e+00
6.349206349206349201e-03
0.000000000000000000e+00
0.000000000000000000e+00
0.000000000000000000e+00
0.000000000000000000e+00
0.000000000000000000e+00
0.000000000000000000e+00
9.523809523809524669e-03
6.666666666666666574e-02
0.000000000000000000e+00
1.396825396825396859e-01
0.000000000000000000e+00
1.777777777777777846e-01
0.000000000000000000e+00
2.539682539682539542e-01
0.000000000000000000e+00
1.714285714285714302e-01
1.142857142857142821e-01
0.000000000000000000e+00
5.396825396825397081e-02
0.000000000000000000e+00
9.523809523809524669e-03
0.000000000000000000e+00
3.174603174603174600e-03
0.000000000000000000e+00
0.000000000000000000e+00
0.000000000000000000e+00
0.000000000000000000e+00
6.349206349206349201e-03
1.904761904761904934e-02
0.000000000000000000e+00
1.206349206349206366e-01
0.000000000000000000e+00
2.000000000000000111e-01
0.000000000000000000e+00
2.857142857142856984e-01
0.000000000000000000e+00
2.158730158730158832e-01
1.079365079365079416e-01
0.000000000000000000e+00
3.809523809523809867e-02
0.000000000000000000e+00
6.349206349206349201e-03
0.000000000000000000e+00
0.000000000000000000e+00
0.000000000000000000e+00
0.000000000000000000e+00
0.000000000000000000e+00
0.000000000000000000e+00
0.000000000000000000e+00
3.174603174603174600e-03
0.000000000000000000e+00
6.349206349206349201e-03
0.000000000000000000e+00
5.079365079365079361e-02
0.000000000000000000e+00
1.428571428571428492e-01
0.000000000000000000e+00
3.079365079365079527e-01
2.349206349206349187e-01
0.000000000000000000e+00
1.523809523809523947e-01
0.000000000000000000e+00
8.253968253968253788e-02
0.000000000000000000e+00
1.904761904761904934e-02
0.000000000000000000e+00
0.000000000000000000e+00
0.000000000000000000e+00
0.000000000000000000e+00
