3.365079365079365337e-01
0.000000000000000000e+00
1.714285714285714302e-01
0.000000000000000000e+00
1.555555555555555580e-01
0.000000000000000000e+00
1.619047619047619124e-01
0.000000000000000000e+00
6.984126984126984294e-02
0.000000000000000000e+00
0.000000000000000000e+00
6.984126984126984294e-02
0.000000000000000000e+00
2.539682539682539680e-02
0.000000000000000000e+00
6.349206349206349201e-03
0.000000000000000000e+00
3.174603174603174600e-03
0.000000000000000000e+00
0.000000000000000000e+00
0.000000000000000000e+00
2.603174603174603363e-01
0.000000000000000000e+00
1.238095238095238138e-01
0.000000000000000000e+00
1.460317460317460403e-01
0.000000000000000000e+00
1.365079365079364948e-01
0.000000000000000000e+00
1.301587301587301682e-01
0.000000000000000000e+00
0.000000000000000000e+00
9.841269841269841001e-02
0.000000000000000000e+00
6.349206349206348854e-02
0.000000000000000000e+00
3.174603174603174427e-02
0.000000000000000000e+00
9.523809523809524669e-03
0.000000000000000000e+00
0.000000000000000000e+00
0.000000000000000000e+00
1.841269841269841390e-01
0.000000000000000000e+00
2.031746031746031744e-01
0.000000000000000000e+00
1.396825396825396859e-01
0.000000000000000000e+00
1.396825396825396859e-01
0.000000000000000000e+00
1.174603174603174593e-01
0.000000000000000000e+00
0.000000000000000000e+00
1.111111111111111049e-01
0.000000000000000000e+00
6.349206349206348854e-02
0.000000000000000000e+00
2.222222222222222307e-02
0.000000000000000000e+00
1.587301587301587213e-02
0.000000000000000000e+00
0.000000000000000000e+00
3.174603174603174600e-03
1.111111111111111049e-01
0.000000000000000000e+00
1.460317460317460403e-01
0.000000000000000000e+00
1.841269841269841390e-01
0.000000000000000000e+00
1.746031746031745935e-01
0.000000000000000000e+00
1.714285714285714302e-01
0.000000000000000000e+00
0.000000000000000000e+00
9.841269841269841001e-02
0.000000000000000000e+00
8.253968253968253788e-02
0.000000000000000000e+00
2.857142857142857054e-02
0.000000000000000000e+00
3.174603174603174600e-03
0.000000000000000000e+00
0.000000000000000000e+00
0.000000000000000000e+00
9.523809523809524669e-03
0.000000000000000000e+00
4.444444444444444614e-02
0.000000000000000000e+00
1.365079365079364948e-01
0.000000000000000000e+00
2.063492063492063378e-01
0.000000000000000000e+00
2.285714285714285643e-01
0.000000000000000000e+00
0.000000000000000000e+00
1.904761904761904656e-01
0.000000000000000000e+00
1.301587301587301682e-01
0.000000000000000000e+00
3.809523809523809867e-02
0.000000000000000000e+00
1.587301587301587213e-02
0.000000000000000000e+00
0.000000000000000000e+00
0.000000000000000000e+00
3.174603174603174600e-03
0.000000000000000000e+00
1.904761904761904934e-02
0.000000000000000000e+00
7.619047619047619735e-02
0.000000000000000000e+00
1.619047619047619124e-01
0.000000000000000000e+00
2.666666666666666630e-01
0.000000000000000000e+00
0.000000000000000000e+00
2.444444444444444364e-01
0.000000000000000000e+00
1.301587301587301682e-01
0.000000000000000000e+00
7.619047619047619735e-02
0.000000000000000000e+00
1.587301587301587213e-02
0.000000000000000000e+00
0.000000000000000000e+00
6.349206349206349201e-03
2.222222222222222307e-02
0.000000000000000000e+00
8.253968253968253788e-02
0.000000000000000000e+00
1.777777777777777846e-01
0.000000000000000000e+00
2.063492063492063378e-01
0.000000000000000000e+00
2.253968253968254010e-01
0.000000000000000000e+00
0.000000000000000000e+00
1.269841269841269771e-01
0.000000000000000000e+00
1.079365079365079416e-01
0.000000000000000000e+00
2.857142857142857054e-02
0.000000000000000000e+00
1.904761904761904934e-02
0.000000000000000000e+00
0.000000000000000000e+00
3.174603174603174600e-03
6.349206349206349201e-03
0.000000000000000000e+00
7.619047619047619735e-02
0.000000000000000000e+00
1.047619047619047644e-01
0.000000000000000000e+00
1.619047619047619124e-01
0.000000000000000000e+00
2.539682539682539542e-01
0.000000000000000000e+00
0.000000000000000000e+00
2.190476190476190466e-01
0.000000000000000000e+00
1.396825396825396859e-01
0.000000000000000000e+00
2.539682539682539680e-02
0.000000000000000000e+00
9.523809523809524669e-03
0.000000000000000000e+00
0.000000000000000000e+00
3.174603174603174600e-03
6.349206349206349201e-03
0.000000000000000000e+00
3.492063492063492147e-02
0.000000000000000000e+00
6.984126984126984294e-02
0.000000000000000000e+00
1.682539682539682668e-01
0.000000000000000000e+00
2.190476190476190466e-01
0.000000000000000000e+00
0.000000000000000000e+00
2.634920634920634996e-01
0.000000000000000000e+00
1.555555555555555580e-01
0.000000000000000000e+00
7.301587301587302015e-02
0.000000000000000000e+00
9.523809523809524669e-03
0.000000000000000000e+00
0.000000000000000000e+00
0.000000000000000000e+00
0.000000000000000000e+00
0.000000000000000000e+00
2.857142857142857054e-02
0.000000000000000000e+00
9.523809523809523281e-02
0.000000000000000000e+00
1.396825396825396859e-01
0.000000000000000000e+00
2.984126984126984072e-01
0.000000000000000000e+00
0.000000000000000000e+00
2.317460317460317554e-01
0.000000000000000000e+00
1.587301587301587213e-01
0.000000000000000000e+00
4.444444444444444614e-02
0.000000000000000000e+00
3.174603174603174600e-03
0.000000000000000000e+00
0.000000000000000000e+00
0.000000000000000000e+00
3.174603174603174600e-03
0.000000000000000000e+00
2.539682539682539680e-02
0.000000000000000000e+00
1.111111111111111049e-01
0.000000000000000000e+00
2.000000000000000111e-01
0.000000000000000000e+00
2.000000000000000111e-01
0.000000000000000000e+00
0.000000000000000000e+00
2.603174603174603363e-01
0.000000000000000000e+00
1.174603174603174593e-01
0.000000000000000000e+00
5.079365079365079361e-02
0.000000000000000000e+00
2.222222222222222307e-02
0.000000000000000000e+00
0.000000000000000000e+00
9.523809523809524669e-03
6.349206349206349201e-03
0.000000000000000000e+00
8.253968253968253788e-02
0.000000000000000000e+00
1.365079365079364948e-01
0.000000000000000000e+00
2.126984126984126922e-01
0.000000000000000000e+00
2.222222222222222099e-01
0.000000000000000000e+00
0.000000000000000000e+00
1.809523809523809479e-01
0.000000000000000000e+00
1.047619047619047644e-01
0.000000000000000000e+00
3.809523809523809867e-02
0.000000000000000000e+00
9.523809523809524669e-03
0.000000000000000000e+00
0.000000000000000000e+00
6.349206349206349201e-03
