5.999999999999999778e-01
9.523809523809523281e-02
5.714285714285714107e-02
4.761904761904761640e-02
3.333333333333333287e-02
4.285714285714285754e-02
5.238095238095238221e-02
4.761904761904761640e-02
4.761904761904762334e-03
1.904761904761904934e-02
0.000000000000000000e+00
0.000000000000000000e+00
0.000000000000000000e+00
0.000000000000000000e+00
0.000000000000000000e+00
0.000000000000000000e+00
0.000000000000000000e+00
0.000000000000000000e+00
0.000000000000000000e+00
0.000000000000000000e+00
0.000000000000000000e+00
8.809523809523809312e-01
4.285714285714285754e-02
4.285714285714285754e-02
2.380952380952380820e-02
4.761904761904762334e-03
4.761904761904762334e-03
0.000000000000000000e+00
0.000000000000000000e+00
0.000000000000000000e+00
0.000000000000000000e+00
0.000000000000000000e+00
0.000000000000000000e+00
0.000000000000000000e+00
0.000000000000000000e+00
0.000000000000000000e+00
0.000000000000000000e+00
0.000000000000000000e+00
0.000000000000000000e+00
0.000000000000000000e+00
0.000000000000000000e+00
0.000000000000000000e+00
9.095238095238095122e-01
5.714285714285714107e-02
4.761904761904762334e-03
9.523809523809524669e-03
0.000000000000000000e+00
1.428571428571428527e-02
4.761904761904762334e-03
0.000000000000000000e+00
0.000000000000000000e+00
0.000000000000000000e+00
0.000000000000000000e+00
0.000000000000000000e+00
0.000000000000000000e+00
0.000000000000000000e+00
0.000000000000000000e+00
0.000000000000000000e+00
0.000000000000000000e+00
0.000000000000000000e+00
0.000000000000000000e+00
0.000000000000000000e+00
0.000000000000000000e+00
3.380952380952381153e-01
2.095238095238095288e-01
1.285714285714285587e-01
4.285714285714285754e-02
4.761904761904761640e-02
8.095238095238095621e-02
8.095238095238095621e-02
2.857142857142857054e-02
2.857142857142857054e-02
1.428571428571428527e-02
0.000000000000000000e+00
0.000000000000000000e+00
0.000000000000000000e+00
0.000000000000000000e+00
0.000000000000000000e+00
0.000000000000000000e+00
0.000000000000000000e+00
0.000000000000000000e+00
0.000000000000000000e+00
0.000000000000000000e+00
0.000000000000000000e+00
2.095238095238095288e-01
7.142857142857142461e-02
2.857142857142857054e-02
1.904761904761904934e-02
1.904761904761904934e-02
9.523809523809524669e-03
3.809523809523809867e-02
3.809523809523809867e-02
6.666666666666666574e-02
1.238095238095238138e-01
1.571428571428571397e-01
9.047619047619047394e-02
8.095238095238095621e-02
4.285714285714285754e-02
0.000000000000000000e+00
4.761904761904762334e-03
0.000000000000000000e+00
0.000000000000000000e+00
0.000000000000000000e+00
0.000000000000000000e+00
0.000000000000000000e+00
9.857142857142857650e-01
1.428571428571428527e-02
0.000000000000000000e+00
0.000000000000000000e+00
0.000000000000000000e+00
0.000000000000000000e+00
0.000000000000000000e+00
0.000000000000000000e+00
0.000000000000000000e+00
0.000000000000000000e+00
0.000000000000000000e+00
0.000000000000000000e+00
0.000000000000000000e+00
0.000000000000000000e+00
0.000000000000000000e+00
0.000000000000000000e+00
0.000000000000000000e+00
0.000000000000000000e+00
0.000000000000000000e+00
0.000000000000000000e+00
0.000000000000000000e+00
9.714285714285714191e-01
2.380952380952380820e-02
4.761904761904762334e-03
0.000000000000000000e+00
0.000000000000000000e+00
0.000000000000000000e+00
0.000000000000000000e+00
0.000000000000000000e+00
0.000000000000000000e+00
0.000000000000000000e+00
0.000000000000000000e+00
0.000000000000000000e+00
0.000000000000000000e+00
0.000000000000000000e+00
0.000000000000000000e+00
0.000000000000000000e+00
0.000000000000000000e+00
0.000000000000000000e+00
0.000000000000000000e+00
0.000000000000000000e+00
0.000000000000000000e+00
9.047619047619047394e-02
6.666666666666666574e-02
8.095238095238095621e-02
2.380952380952380820e-02
2.380952380952380820e-02
2.380952380952380820e-02
4.761904761904761640e-02
2.380952380952380820e-02
9.523809523809523281e-02
1.619047619047619124e-01
1.238095238095238138e-01
1.047619047619047644e-01
7.142857142857142461e-02
4.285714285714285754e-02
4.761904761904762334e-03
1.428571428571428527e-02
0.000000000000000000e+00
0.000000000000000000e+00
0.000000000000000000e+00
0.000000000000000000e+00
0.000000000000000000e+00
4.285714285714285476e-01
3.333333333333333287e-02
4.761904761904762334e-03
4.761904761904762334e-03
9.523809523809524669e-03
0.000000000000000000e+00
1.428571428571428527e-02
4.761904761904762334e-03
1.904761904761904934e-02
4.761904761904762334e-03
5.714285714285714107e-02
1.238095238095238138e-01
1.333333333333333315e-01
1.238095238095238138e-01
3.333333333333333287e-02
4.761904761904762334e-03
0.000000000000000000e+00
0.000000000000000000e+00
0.000000000000000000e+00
0.000000000000000000e+00
0.000000000000000000e+00
9.904761904761905100e-01
9.523809523809524669e-03
0.000000000000000000e+00
0.000000000000000000e+00
0.000000000000000000e+00
0.000000000000000000e+00
0.000000000000000000e+00
0.000000000000000000e+00
0.000000000000000000e+00
0.000000000000000000e+00
0.000000000000000000e+00
0.000000000000000000e+00
0.000000000000000000e+00
0.000000000000000000e+00
0.000000000000000000e+00
0.000000000000000000e+00
0.000000000000000000e+00
0.000000000000000000e+00
0.000000000000000000e+00
0.000000000000000000e+00
0.000000000000000000e+00
1.000000000000000000e+00
0.000000000000000000e+00
0.000000000000000000e+00
0.000000000000000000e+00
0.000000000000000000e+00
0.000000000000000000e+00
0.000000000000000000e+00
0.000000000000000000e+00
0.000000000000000000e+00
0.000000000000000000e+00
0.000000000000000000e+00
0.000000000000000000e+00
0.000000000000000000e+00
0.000000000000000000e+00
0.000000000000000000e+00
0.000000000000000000e+00
0.000000000000000000e+00
0.000000000000000000e+00
0.000000000000000000e+00
0.000000000000000000e+00
0.000000000000000000e+00
2.904761904761904989e-01
1.428571428571428527e-02
1.428571428571428527e-02
9.523809523809524669e-03
1.904761904761904934e-02
4.761904761904762334e-03
1.428571428571428527e-02
0.000000000000000000e+00
9.523809523809524669e-03
2.857142857142857054e-02
5.714285714285714107e-02
1.380952380952381042e-01
1.571428571428571397e-01
1.761904761904762029e-01
5.714285714285714107e-02
9.523809523809524669e-03
0.000000000000000000e+00
0.000000000000000000e+00
0.000000000000000000e+00
0.000000000000000000e+00
0.000000000000000000e+00
9.523809523809524669e-03
1.428571428571428527e-02
0.000000000000000000e+00
0.000000000000000000e+00
4.761904761904762334e-03
4.761904761904762334e-03
4.761904761904762334e-03
0.000000000000000000e+00
1.428571428571428527e-02
4.761904761904762334e-03
9.523809523809524669e-03
1.428571428571428527e-02
2.857142857142857054e-02
1.714285714285714302e-01
2.285714285714285643e-01
1.619047619047619124e-01
2.142857142857142738e-01
1.047619047619047644e-01
9.523809523809524669e-03
0.000000000000000000e+00
0.000000000000000000e+00
3.142857142857142794e-01
4.761904761904761640e-02
3.333333333333333287e-02
2.857142857142857054e-02
0.000000000000000000e+00
1.428571428571428527e-02
4.761904761904762334e-03
2.857142857142857054e-02
2.380952380952380820e-02
1.428571428571428527e-02
4.285714285714285754e-02
1.904761904761904934e-02
4.761904761904762334e-03
6.666666666666666574e-02
1.333333333333333315e-01
1.142857142857142821e-01
9.047619047619047394e-02
1.904761904761904934e-02
0.000000000000000000e+00
0.000000000000000000e+00
0.000000000000000000e+00
2.428571428571428548e-01
4.761904761904761640e-02
1.428571428571428527e-02
9.523809523809524669e-03
1.904761904761904934e-02
2.380952380952380820e-02
2.857142857142857054e-02
4.761904761904762334e-03
2.857142857142857054e-02
4.761904761904762334e-03
3.809523809523809867e-02
3.333333333333333287e-02
6.666666666666666574e-02
1.142857142857142821e-01
2.190476190476190466e-01
8.095238095238095621e-02
1.904761904761904934e-02
4.761904761904762334e-03
0.000000000000000000e+00
0.000000000000000000e+00
0.000000000000000000e+00
0.000000000000000000e+00
0.000000000000000000e+00
0.000000000000000000e+00
0.000000000000000000e+00
0.000000000000000000e+00
4.761904761904762334e-03
0.000000000000000000e+00
0.000000000000000000e+00
0.000000000000000000e+00
9.523809523809524669e-03
9.523809523809524669e-03
5.238095238095238221e-02
1.333333333333333315e-01
3.190476190476190244e-01
3.238095238095238249e-01
9.523809523809523281e-02
5.238095238095238221e-02
0.000000000000000000e+00
0.000000000000000000e+00
0.000000000000000000e+00
0.000000000000000000e+00
