0.000000000000000000e+00
0.000000000000000000e+00
0.000000000000000000e+00
5.714285714285714107e-02
0.000000000000000000e+00
1.142857142857142821e-01
0.000000000000000000e+00
1.904761904761904656e-01
0.000000000000000000e+00
2.317460317460317554e-01
2.666666666666666630e-01
0.000000000000000000e+00
9.523809523809523281e-02
0.000000000000000000e+00
3.492063492063492147e-02
0.000000000000000000e+00
9.523809523809524669e-03
0.000000000000000000e+00
0.000000000000000000e+00
0.000000000000000000e+00
0.000000000000000000e+00
0.000000000000000000e+00
5.714285714285714107e-02
0.000000000000000000e+00
1.206349206349206366e-01
0.000000000000000000e+00
1.968253968253968200e-01
0.000000000000000000e+00
2.507936507936507908e-01
0.000000000000000000e+00
2.095238095238095288e-01
9.841269841269841001e-02
0.000000000000000000e+00
5.714285714285714107e-02
0.000000000000000000e+00
9.523809523809524669e-03
0.000000000000000000e+00
0.000000000000000000e+00
0.000000000000000000e+00
0.000000000000000000e+00
0.000000000000000000e+00
0.000000000000000000e+00
0.000000000000000000e+00
3.174603174603174600e-03
0.000000000000000000e+00
6.666666666666666574e-02
0.000000000000000000e+00
1.777777777777777846e-01
0.000000000000000000e+00
2.158730158730158832e-01
0.000000000000000000e+00
2.634920634920634996e-01
1.619047619047619124e-01
0.000000000000000000e+00
8.253968253968253788e-02
0.000000000000000000e+00
2.539682539682539680e-02
0.000000000000000000e+00
3.174603174603174600e-03
0.000000000000000000e+00
0.000000000000000000e+00
0.000000000000000000e+00
0.000000000000000000e+00
0.000000000000000000e+00
0.000000000000000000e+00
0.000000000000000000e+00
3.174603174603174427e-02
0.000000000000000000e+00
1.428571428571428492e-01
0.000000000000000000e+00
3.365079365079365337e-01
0.000000000000000000e+00
2.952380952380952439e-01
1.587301587301587213e-01
0.000000000000000000e+00
2.857142857142857054e-02
0.000000000000000000e+00
6.349206349206349201e-03
0.000000000000000000e+00
0.000000000000000000e+00
0.000000000000000000e+00
0.000000000000000000e+00
0.000000000000000000e+00
0.000000000000000000e+00
3.174603174603174600e-03
3.174603174603174427e-02
0.000000000000000000e+00
3.047619047619047894e-01
0.000000000000000000e+00
2.857142857142856984e-01
0.000000000000000000e+00
2.000000000000000111e-01
0.000000000000000000e+00
8.888888888888889228e-02
6.984126984126984294e-02
0.000000000000000000e+00
9.523809523809524669e-03
0.000000000000000000e+00
6.349206349206349201e-03
0.000000000000000000e+00
0.000000000000000000e+00
0.000000000000000000e+00
0.000000000000000000e+00
0.000000000000000000e+00
0.000000000000000000e+00
0.000000000000000000e+00
6.349206349206349201e-03
0.000000000000000000e+00
2.222222222222222307e-02
0.000000000000000000e+00
7.619047619047619735e-02
0.000000000000000000e+00
1.809523809523809479e-01
0.000000000000000000e+00
2.761904761904762085e-01
2.317460317460317554e-01
0.000000000000000000e+00
1.333333333333333315e-01
0.000000000000000000e+00
5.079365079365079361e-02
0.000000000000000000e+00
1.587301587301587213e-02
0.000000000000000000e+00
6.349206349206349201e-03
0.000000000000000000e+00
0.000000000000000000e+00
0.000000000000000000e+00
0.000000000000000000e+00
0.000000000000000000e+00
1.269841269841269840e-02
0.000000000000000000e+00
4.126984126984126894e-02
0.000000000000000000e+00
1.460317460317460403e-01
0.000000000000000000e+00
2.507936507936507908e-01
2.222222222222222099e-01
0.000000000000000000e+00
1.873015873015873023e-01
0.000000000000000000e+00
1.174603174603174593e-01
0.000000000000000000e+00
1.587301587301587213e-02
0.000000000000000000e+00
6.349206349206349201e-03
0.000000000000000000e+00
0.000000000000000000e+00
0.000000000000000000e+00
0.000000000000000000e+00
0.000000000000000000e+00
6.349206349206349201e-03
0.000000000000000000e+00
1.015873015873015872e-01
0.000000000000000000e+00
2.063492063492063378e-01
0.000000000000000000e+00
2.539682539682539542e-01
2.825396825396825351e-01
0.000000000000000000e+00
1.206349206349206366e-01
0.000000000000000000e+00
2.857142857142857054e-02
0.000000000000000000e+00
0.000000000000000000e+00
0.000000000000000000e+00
0.000000000000000000e+00
0.000000000000000000e+00
0.000000000000000000e+00
3.174603174603174600e-03
3.174603174603174600e-03
0.000000000000000000e+00
6.666666666666666574e-02
0.000000000000000000e+00
1.492063492063492036e-01
0.000000000000000000e+00
2.063492063492063378e-01
0.000000000000000000e+00
2.317460317460317554e-01
1.873015873015873023e-01
0.000000000000000000e+00
8.571428571428571508e-02
0.000000000000000000e+00
6.349206349206348854e-02
0.000000000000000000e+00
3.174603174603174600e-03
0.000000000000000000e+00
0.000000000000000000e+00
0.000000000000000000e+00
0.000000000000000000e+00
0.000000000000000000e+00
0.000000000000000000e+00
0.000000000000000000e+00
4.126984126984126894e-02
0.000000000000000000e+00
1.650793650793650758e-01
0.000000000000000000e+00
2.761904761904762085e-01
0.000000000000000000e+00
2.476190476190476275e-01
1.587301587301587213e-01
0.000000000000000000e+00
8.253968253968253788e-02
0.000000000000000000e+00
2.539682539682539680e-02
0.000000000000000000e+00
3.174603174603174600e-03
0.000000000000000000e+00
0.000000000000000000e+00
0.000000000000000000e+00
0.000000000000000000e+00
0.000000000000000000e+00
0.000000000000000000e+00
0.000000000000000000e+00
3.174603174603174600e-03
0.000000000000000000e+00
2.857142857142857054e-02
0.000000000000000000e+00
5.396825396825397081e-02
0.000000000000000000e+00
1.269841269841269771e-01
2.666666666666666630e-01
0.000000000000000000e+00
2.253968253968254010e-01
0.000000000000000000e+00
1.936507936507936567e-01
0.000000000000000000e+00
9.206349206349206948e-02
0.000000000000000000e+00
3.174603174603174600e-03
0.000000000000000000e+00
6.349206349206349201e-03
0.000000000000000000e+00
0.000000000000000000e+00
0.000000000000000000e+00
9.523809523809524669e-03
0.000000000000000000e+00
1.587301587301587213e-02
0.000000000000000000e+00
9.523809523809523281e-02
0.000000000000000000e+00
1.587301587301587213e-01
2.000000000000000111e-01
0.000000000000000000e+00
2.031746031746031744e-01
0.000000000000000000e+00
1.460317460317460403e-01
0.000000000000000000e+00
1.492063492063492036e-01
0.000000000000000000e+00
1.587301587301587213e-02
0.000000000000000000e+00
6.349206349206349201e-03
