1.047619047619047644e-01
3.174603174603174427e-02
8.888888888888889228e-02
0.000000000000000000e+00
5.396825396825397081e-02
8.253968253968253788e-02
6.031746031746031828e-02
0.000000000000000000e+00
7.301587301587302015e-02
9.206349206349206948e-02
1.206349206349206366e-01
1.873015873015873023e-01
0.000000000000000000e+00
7.619047619047619735e-02
0.000000000000000000e+00
1.269841269841269840e-02
1.587301587301587213e-02
0.000000000000000000e+00
0.000000000000000000e+00
0.000000000000000000e+00
0.000000000000000000e+00
0.000000000000000000e+00
0.000000000000000000e+00
0.000000000000000000e+00
0.000000000000000000e+00
9.523809523809524669e-03
8.571428571428571508e-02
1.206349206349206366e-01
0.000000000000000000e+00
1.714285714285714302e-01
1.523809523809523947e-01
1.746031746031745935e-01
2.253968253968254010e-01
0.000000000000000000e+00
6.031746031746031828e-02
0.000000000000000000e+00
0.000000000000000000e+00
0.000000000000000000e+00
0.000000000000000000e+00
0.000000000000000000e+00
0.000000000000000000e+00
0.000000000000000000e+00
0.000000000000000000e+00
0.000000000000000000e+00
3.174603174603174600e-03
0.000000000000000000e+00
9.523809523809524669e-03
1.015873015873015872e-01
1.206349206349206366e-01
0.000000000000000000e+00
1.746031746031745935e-01
1.809523809523809479e-01
1.650793650793650758e-01
1.904761904761904656e-01
0.000000000000000000e+00
4.761904761904761640e-02
0.000000000000000000e+00
3.174603174603174600e-03
3.174603174603174600e-03
0.000000000000000000e+00
0.000000000000000000e+00
0.000000000000000000e+00
0.000000000000000000e+00
0.000000000000000000e+00
0.000000000000000000e+00
0.000000000000000000e+00
0.000000000000000000e+00
0.000000000000000000e+00
1.587301587301587213e-02
5.396825396825397081e-02
0.000000000000000000e+00
1.047619047619047644e-01
1.873015873015873023e-01
1.873015873015873023e-01
2.984126984126984072e-01
0.000000000000000000e+00
1.301587301587301682e-01
0.000000000000000000e+00
1.269841269841269840e-02
9.523809523809524669e-03
0.000000000000000000e+00
0.000000000000000000e+00
0.000000000000000000e+00
0.000000000000000000e+00
0.000000000000000000e+00
0.000000000000000000e+00
0.000000000000000000e+00
0.000000000000000000e+00
0.000000000000000000e+00
0.000000000000000000e+00
0.000000000000000000e+00
0.000000000000000000e+00
4.761904761904761640e-02
7.619047619047619735e-02
1.269841269841269771e-01
4.000000000000000222e-01
0.000000000000000000e+00
2.698412698412698263e-01
0.000000000000000000e+00
6.031746031746031828e-02
1.587301587301587213e-02
0.000000000000000000e+00
3.174603174603174600e-03
0.000000000000000000e+00
0.000000000000000000e+00
0.000000000000000000e+00
0.000000000000000000e+00
1.587301587301587213e-02
0.000000000000000000e+00
1.269841269841269840e-02
8.571428571428571508e-02
1.079365079365079416e-01
0.000000000000000000e+00
1.206349206349206366e-01
1.587301587301587213e-01
1.428571428571428492e-01
2.285714285714285643e-01
0.000000000000000000e+00
8.888888888888889228e-02
0.000000000000000000e+00
2.222222222222222307e-02
1.587301587301587213e-02
0.000000000000000000e+00
0.000000000000000000e+00
0.000000000000000000e+00
0.000000000000000000e+00
0.000000000000000000e+00
0.000000000000000000e+00
3.174603174603174600e-03
0.000000000000000000e+00
9.523809523809524669e-03
5.396825396825397081e-02
1.015873015873015872e-01
0.000000000000000000e+00
1.904761904761904656e-01
1.619047619047619124e-01
1.968253968253968200e-01
2.412698412698412731e-01
0.000000000000000000e+00
3.809523809523809867e-02
0.000000000000000000e+00
3.174603174603174600e-03
0.000000000000000000e+00
0.000000000000000000e+00
0.000000000000000000e+00
0.000000000000000000e+00
0.000000000000000000e+00
0.000000000000000000e+00
0.000000000000000000e+00
0.000000000000000000e+00
0.000000000000000000e+00
3.174603174603174600e-03
6.984126984126984294e-02
4.761904761904761640e-02
0.000000000000000000e+00
7.301587301587302015e-02
1.269841269841269771e-01
1.777777777777777846e-01
2.920634920634920806e-01
0.000000000000000000e+00
1.650793650793650758e-01
0.000000000000000000e+00
3.492063492063492147e-02
9.523809523809524669e-03
0.000000000000000000e+00
0.000000000000000000e+00
0.000000000000000000e+00
0.000000000000000000e+00
0.000000000000000000e+00
0.000000000000000000e+00
0.000000000000000000e+00
0.000000000000000000e+00
0.000000000000000000e+00
2.857142857142857054e-02
6.984126984126984294e-02
0.000000000000000000e+00
1.269841269841269771e-01
1.777777777777777846e-01
2.444444444444444364e-01
3.015873015873015706e-01
0.000000000000000000e+00
4.444444444444444614e-02
0.000000000000000000e+00
3.174603174603174600e-03
3.174603174603174600e-03
0.000000000000000000e+00
0.000000000000000000e+00
0.000000000000000000e+00
0.000000000000000000e+00
0.000000000000000000e+00
0.000000000000000000e+00
3.174603174603174600e-03
0.000000000000000000e+00
2.222222222222222307e-02
1.333333333333333315e-01
1.142857142857142821e-01
0.000000000000000000e+00
1.174603174603174593e-01
1.047619047619047644e-01
1.206349206349206366e-01
2.571428571428571175e-01
0.000000000000000000e+00
1.174603174603174593e-01
0.000000000000000000e+00
6.349206349206349201e-03
3.174603174603174600e-03
0.000000000000000000e+00
0.000000000000000000e+00
0.000000000000000000e+00
0.000000000000000000e+00
0.000000000000000000e+00
0.000000000000000000e+00
0.000000000000000000e+00
0.000000000000000000e+00
0.000000000000000000e+00
1.587301587301587213e-02
2.222222222222222307e-02
0.000000000000000000e+00
8.253968253968253788e-02
1.428571428571428492e-01
1.777777777777777846e-01
4.031746031746031855e-01
0.000000000000000000e+00
1.460317460317460403e-01
0.000000000000000000e+00
9.523809523809524669e-03
0.000000000000000000e+00
0.000000000000000000e+00
0.000000000000000000e+00
0.000000000000000000e+00
0.000000000000000000e+00
0.000000000000000000e+00
0.000000000000000000e+00
1.269841269841269840e-02
0.000000000000000000e+00
2.539682539682539680e-02
1.365079365079364948e-01
1.460317460317460403e-01
0.000000000000000000e+00
1.619047619047619124e-01
1.714285714285714302e-01
1.714285714285714302e-01
1.365079365079364948e-01
0.000000000000000000e+00
3.809523809523809867e-02
0.000000000000000000e+00
0.000000000000000000e+00
0.000000000000000000e+00
0.000000000000000000e+00
0.000000000000000000e+00
0.000000000000000000e+00
0.000000000000000000e+00
