3.174603174603174600e-03
0.000000000000000000e+00
5.714285714285714107e-02
0.000000000000000000e+00
1.047619047619047644e-01
0.000000000000000000e+00
2.412698412698412731e-01
0.000000000000000000e+00
2.634920634920634996e-01
0.000000000000000000e+00
0.000000000000000000e+00
1.777777777777777846e-01
0.000000000000000000e+00
1.269841269841269771e-01
0.000000000000000000e+00
2.222222222222222307e-02
0.000000000000000000e+00
3.174603174603174600e-03
0.000000000000000000e+00
0.000000000000000000e+00
0.000000000000000000e+00
9.523809523809524669e-03
0.000000000000000000e+00
1.587301587301587213e-02
0.000000000000000000e+00
9.523809523809523281e-02
0.000000000000000000e+00
2.539682539682539542e-01
0.000000000000000000e+00
2.920634920634920806e-01
0.000000000000000000e+00
0.000000000000000000e+00
2.126984126984126922e-01
0.000000000000000000e+00
1.079365079365079416e-01
0.000000000000000000e+00
1.269841269841269840e-02
0.000000000000000000e+00
0.000000000000000000e+00
0.000000000000000000e+00
0.000000000000000000e+00
0.000000000000000000e+00
0.000000000000000000e+00
0.000000000000000000e+00
3.174603174603174600e-03
0.000000000000000000e+00
2.222222222222222307e-02
0.000000000000000000e+00
1.301587301587301682e-01
0.000000000000000000e+00
2.634920634920634996e-01
0.000000000000000000e+00
0.000000000000000000e+00
3.492063492063491870e-01
0.000000000000000000e+00
1.682539682539682668e-01
0.000000000000000000e+00
5.714285714285714107e-02
0.000000000000000000e+00
6.349206349206349201e-03
0.000000000000000000e+00
0.000000000000000000e+00
0.000000000000000000e+00
0.000000000000000000e+00
0.000000000000000000e+00
9.523809523809524669e-03
0.000000000000000000e+00
9.841269841269841001e-02
0.000000000000000000e+00
3.111111111111111160e-01
0.000000000000000000e+00
3.047619047619047894e-01
0.000000000000000000e+00
0.000000000000000000e+00
1.936507936507936567e-01
0.000000000000000000e+00
6.031746031746031828e-02
0.000000000000000000e+00
1.904761904761904934e-02
0.000000000000000000e+00
3.174603174603174600e-03
0.000000000000000000e+00
0.000000000000000000e+00
0.000000000000000000e+00
6.349206349206349201e-03
0.000000000000000000e+00
2.539682539682539680e-02
0.000000000000000000e+00
4.444444444444444614e-02
0.000000000000000000e+00
1.460317460317460403e-01
0.000000000000000000e+00
2.095238095238095288e-01
0.000000000000000000e+00
0.000000000000000000e+00
2.698412698412698263e-01
0.000000000000000000e+00
1.777777777777777846e-01
0.000000000000000000e+00
9.523809523809523281e-02
0.000000000000000000e+00
2.539682539682539680e-02
0.000000000000000000e+00
0.000000000000000000e+00
0.000000000000000000e+00
6.349206349206349201e-03
0.000000000000000000e+00
3.174603174603174427e-02
0.000000000000000000e+00
6.666666666666666574e-02
0.000000000000000000e+00
1.396825396825396859e-01
0.000000000000000000e+00
2.730158730158729896e-01
0.000000000000000000e+00
0.000000000000000000e+00
2.253968253968254010e-01
0.000000000000000000e+00
1.777777777777777846e-01
0.000000000000000000e+00
5.714285714285714107e-02
0.000000000000000000e+00
2.222222222222222307e-02
0.000000000000000000e+00
0.000000000000000000e+00
0.000000000000000000e+00
6.349206349206349201e-03
0.000000000000000000e+00
5.714285714285714107e-02
0.000000000000000000e+00
1.142857142857142821e-01
0.000000000000000000e+00
1.809523809523809479e-01
0.000000000000000000e+00
2.603174603174603363e-01
0.000000000000000000e+00
0.000000000000000000e+00
2.158730158730158832e-01
0.000000000000000000e+00
1.238095238095238138e-01
0.000000000000000000e+00
3.809523809523809867e-02
0.000000000000000000e+00
3.174603174603174600e-03
0.000000000000000000e+00
0.000000000000000000e+00
0.000000000000000000e+00
0.000000000000000000e+00
0.000000000000000000e+00
1.587301587301587213e-02
0.000000000000000000e+00
5.714285714285714107e-02
0.000000000000000000e+00
1.650793650793650758e-01
0.000000000000000000e+00
2.158730158730158832e-01
0.000000000000000000e+00
0.000000000000000000e+00
2.444444444444444364e-01
0.000000000000000000e+00
1.873015873015873023e-01
0.000000000000000000e+00
8.888888888888889228e-02
0.000000000000000000e+00
2.539682539682539680e-02
0.000000000000000000e+00
0.000000000000000000e+00
0.000000000000000000e+00
0.000000000000000000e+00
0.000000000000000000e+00
2.222222222222222307e-02
0.000000000000000000e+00
3.809523809523809867e-02
0.000000000000000000e+00
1.682539682539682668e-01
0.000000000000000000e+00
2.984126984126984072e-01
0.000000000000000000e+00
0.000000000000000000e+00
2.888888888888888618e-01
0.000000000000000000e+00
1.460317460317460403e-01
0.000000000000000000e+00
3.174603174603174427e-02
0.000000000000000000e+00
6.349206349206349201e-03
0.000000000000000000e+00
0.000000000000000000e+00
0.000000000000000000e+00
1.904761904761904934e-02
0.000000000000000000e+00
1.111111111111111049e-01
0.000000000000000000e+00
1.650793650793650758e-01
0.000000000000000000e+00
2.888888888888888618e-01
0.000000000000000000e+00
1.873015873015873023e-01
0.000000000000000000e+00
0.000000000000000000e+00
1.619047619047619124e-01
0.000000000000000000e+00
5.714285714285714107e-02
0.000000000000000000e+00
9.523809523809524669e-03
0.000000000000000000e+00
0.000000000000000000e+00
0.000000000000000000e+00
0.000000000000000000e+00
0.000000000000000000e+00
2.222222222222222307e-02
0.000000000000000000e+00
3.809523809523809867e-02
0.000000000000000000e+00
1.365079365079364948e-01
0.000000000000000000e+00
2.126984126984126922e-01
0.000000000000000000e+00
2.698412698412698263e-01
0.000000000000000000e+00
0.000000000000000000e+00
1.523809523809523947e-01
0.000000000000000000e+00
1.238095238095238138e-01
0.000000000000000000e+00
3.809523809523809867e-02
0.000000000000000000e+00
6.349206349206349201e-03
0.000000000000000000e+00
0.000000000000000000e+00
0.000000000000000000e+00
3.174603174603174600e-03
0.000000000000000000e+00
1.269841269841269840e-02
0.000000000000000000e+00
8.571428571428571508e-02
0.000000000000000000e+00
1.396825396825396859e-01
0.000000000000000000e+00
2.761904761904762085e-01
0.000000000000000000e+00
0.000000000000000000e+00
2.888888888888888618e-01
0.000000000000000000e+00
1.460317460317460403e-01
0.000000000000000000e+00
3.809523809523809867e-02
0.000000000000000000e+00
9.523809523809524669e-03
0.000000000000000000e+00
0.000000000000000000e+00
0.000000000000000000e+00
