6.530612244897958663e-01
7.959183673469387710e-01
6.224489795918367596e-01
0.000000000000000000e+00
0.000000000000000000e+00
0.000000000000000000e+00
7.040816326530612290e-01
7.040816326530612290e-01
6.428571428571429047e-01
6.836734693877550839e-01
6.020408163265306145e-01
3.571428571428571508e-01
0.000000000000000000e+00
0.000000000000000000e+00
0.000000000000000000e+00
4.285714285714285476e-01
6.530612244897958663e-01
6.326530612244898322e-01
7.653061224489795533e-01
5.918367346938775420e-01
3.877551020408163129e-01
0.000000000000000000e+00
0.000000000000000000e+00
0.000000000000000000e+00
3.979591836734693855e-01
5.612244897959183243e-01
5.816326530612244694e-01
6.734693877551020114e-01
5.204081632653061451e-01
1.326530612244898044e-01
0.000000000000000000e+00
0.000000000000000000e+00
0.000000000000000000e+00
2.040816326530612290e-01
5.510204081632652517e-01
7.040816326530612290e-01
6.938775510204081565e-01
4.795918367346938549e-01
1.734693877551020391e-01
0.000000000000000000e+00
0.000000000000000000e+00
0.000000000000000000e+00
1.122448979591836732e-01
4.897959183673469274e-01
5.816326530612244694e-01
6.122448979591836871e-01
5.204081632653061451e-01
1.530612244897959218e-01
0.000000000000000000e+00
0.000000000000000000e+00
0.000000000000000000e+00
1.632653061224489666e-01
5.102040816326530726e-01
7.142857142857143016e-01
6.836734693877550839e-01
5.408163265306122902e-01
1.326530612244898044e-01
0.000000000000000000e+00
0.000000000000000000e+00
0.000000000000000000e+00
1.530612244897959218e-01
5.000000000000000000e-01
6.122448979591836871e-01
6.734693877551020114e-01
5.306122448979592177e-01
1.326530612244898044e-01
0.000000000000000000e+00
0.000000000000000000e+00
0.000000000000000000e+00
1.020408163265306145e-01
5.510204081632652517e-01
6.326530612244898322e-01
7.346938775510204467e-01
5.204081632653061451e-01
1.020408163265306145e-01
0.000000000000000000e+00
0.000000000000000000e+00
0.000000000000000000e+00
1.734693877551020391e-01
4.387755102040816202e-01
6.734693877551020114e-01
7.142857142857143016e-01
5.204081632653061451e-01
1.632653061224489666e-01
0.000000000000000000e+00
0.000000000000000000e+00
0.000000000000000000e+00
1.530612244897959218e-01
5.714285714285713969e-01
6.734693877551020114e-01
7.142857142857143016e-01
5.510204081632652517e-01
2.040816326530612290e-01
0.000000000000000000e+00
0.000000000000000000e+00
0.000000000000000000e+00
2.448979591836734637e-01
5.306122448979592177e-01
7.448979591836735192e-01
6.530612244897958663e-01
5.102040816326530726e-01
2.959183673469387710e-01
0.000000000000000000e+00
0.000000000000000000e+00
0.000000000000000000e+00
3.265306122448979331e-01
5.510204081632652517e-01
6.836734693877550839e-01
7.142857142857143016e-01
7.142857142857143016e-01
2.755102040816326259e-01
0.000000000000000000e+00
0.000000000000000000e+00
0.000000000000000000e+00
2.959183673469387710e-01
6.326530612244898322e-01
6.734693877551020114e-01
7.346938775510204467e-01
6.428571428571429047e-01
2.244897959183673464e-01
0.000000000000000000e+00
0.000000000000000000e+00
0.000000000000000000e+00
2.346938775510204189e-01
5.918367346938775420e-01
6.632653061224489388e-01
8.061224489795918435e-01
5.510204081632652517e-01
2.244897959183673464e-01
0.000000000000000000e+00
0.000000000000000000e+00
0.000000000000000000e+00
2.142857142857142738e-01
6.122448979591836871e-01
8.061224489795918435e-01
8.061224489795918435e-01
4.795918367346938549e-01
2.346938775510204189e-01
0.000000000000000000e+00
0.000000000000000000e+00
0.000000000000000000e+00
2.551020408163265363e-01
4.591836734693877653e-01
7.040816326530612290e-01
