5.593220338983050377e-01
8.050847457627118287e-01
7.033898305084745894e-01
0.000000000000000000e+00
0.000000000000000000e+00
0.000000000000000000e+00
6.694915254237288060e-01
8.220338983050847759e-01
5.254237288135593653e-01
6.779661016949152241e-01
5.847457627118644030e-01
2.372881355932203451e-01
0.000000000000000000e+00
0.000000000000000000e+00
0.000000000000000000e+00
1.949152542372881436e-01
6.525423728813559698e-01
5.169491525423728362e-01
6.186440677966101864e-01
5.847457627118644030e-01
2.372881355932203451e-01
0.000000000000000000e+00
0.000000000000000000e+00
0.000000000000000000e+00
2.203389830508474534e-01
5.677966101694915668e-01
6.355932203389830226e-01
6.186440677966101864e-01
6.016949152542372392e-01
2.542372881355932090e-01
0.000000000000000000e+00
0.000000000000000000e+00
0.000000000000000000e+00
2.372881355932203451e-01
6.186440677966101864e-01
6.101694915254237683e-01
7.203389830508474256e-01
5.677966101694915668e-01
2.627118644067796827e-01
0.000000000000000000e+00
0.000000000000000000e+00
0.000000000000000000e+00
3.050847457627118842e-01
6.355932203389830226e-01
6.779661016949152241e-01
6.355932203389830226e-01
6.355932203389830226e-01
3.135593220338983023e-01
0.000000000000000000e+00
0.000000000000000000e+00
0.000000000000000000e+00
2.796610169491525189e-01
6.525423728813559698e-01
7.118644067796610075e-01
5.508474576271186196e-01
7.372881355932203729e-01
3.474576271186440857e-01
0.000000000000000000e+00
0.000000000000000000e+00
0.000000000000000000e+00
3.220338983050847204e-01
6.186440677966101864e-01
6.525423728813559698e-01
7.288135593220338437e-01
6.525423728813559698e-01
2.881355932203389925e-01
0.000000000000000000e+00
0.000000000000000000e+00
0.000000000000000000e+00
2.033898305084745894e-01
6.440677966101694407e-01
6.271186440677966045e-01
6.779661016949152241e-01
6.694915254237288060e-01
3.135593220338983023e-01
0.000000000000000000e+00
0.000000000000000000e+00
0.000000000000000000e+00
2.118644067796610075e-01
6.355932203389830226e-01
6.525423728813559698e-01
6.271186440677966045e-01
6.525423728813559698e-01
2.372881355932203451e-01
0.000000000000000000e+00
0.000000000000000000e+00
0.000000000000000000e+00
2.711864406779661008e-01
6.355932203389830226e-01
6.864406779661016422e-01
6.101694915254237683e-01
4.745762711864406902e-01
3.305084745762711940e-01
0.000000000000000000e+00
0.000000000000000000e+00
0.000000000000000000e+00
2.881355932203389925e-01
6.440677966101694407e-01
6.949152542372881713e-01
7.288135593220338437e-01
6.016949152542372392e-01
2.118644067796610075e-01
0.000000000000000000e+00
0.000000000000000000e+00
0.000000000000000000e+00
2.881355932203389925e-01
5.932203389830508211e-01
6.610169491525423879e-01
6.694915254237288060e-01
7.118644067796610075e-01
2.542372881355932090e-01
0.000000000000000000e+00
0.000000000000000000e+00
0.000000000000000000e+00
3.389830508474576121e-01
6.271186440677966045e-01
7.796610169491525744e-01
6.864406779661016422e-01
6.271186440677966045e-01
3.305084745762711940e-01
0.000000000000000000e+00
0.000000000000000000e+00
0.000000000000000000e+00
2.627118644067796827e-01
5.932203389830508211e-01
6.186440677966101864e-01
6.355932203389830226e-01
6.355932203389830226e-01
2.372881355932203451e-01
0.000000000000000000e+00
0.000000000000000000e+00
0.000000000000000000e+00
2.118644067796610075e-01
5.762711864406779849e-01
6.440677966101694407e-01
6.101694915254237683e-01
7.033898305084745894e-01
3.559322033898305038e-01
0.000000000000000000e+00
0.000000000000000000e+00
0.000000000000000000e+00
3.728813559322033955e-01
7.203389830508474256e-01
6.186440677966101864e-01
