7.179487179487179516e-01
2.051282051282051211e-01
5.128205128205128027e-02
0.000000000000000000e+00
0.000000000000000000e+00
0.000000000000000000e+00
2.564102564102564014e-02
1.410256410256410242e-01
7.179487179487179516e-01
7.692307692307692735e-01
4.230769230769230727e-01
1.538461538461538547e-01
0.000000000000000000e+00
0.000000000000000000e+00
0.000000000000000000e+00
2.307692307692307820e-01
3.974358974358974117e-01
8.333333333333333703e-01
7.179487179487179516e-01
3.717948717948718063e-01
1.025641025641025605e-01
0.000000000000000000e+00
0.000000000000000000e+00
0.000000000000000000e+00
1.794871794871794879e-01
3.717948717948718063e-01
7.307692307692307265e-01
7.179487179487179516e-01
4.743589743589743390e-01
8.974358974358974395e-02
0.000000000000000000e+00
0.000000000000000000e+00
0.000000000000000000e+00
6.410256410256409687e-02
3.333333333333333148e-01
6.538461538461538547e-01
7.051282051282051766e-01
5.000000000000000000e-01
1.794871794871794879e-01
0.000000000000000000e+00
0.000000000000000000e+00
0.000000000000000000e+00
1.410256410256410242e-01
5.000000000000000000e-01
6.410256410256410797e-01
6.538461538461538547e-01
4.743589743589743390e-01
1.666666666666666574e-01
0.000000000000000000e+00
0.000000000000000000e+00
0.000000000000000000e+00
2.564102564102563875e-01
5.000000000000000000e-01
7.051282051282051766e-01
6.538461538461538547e-01
5.641025641025640969e-01
2.307692307692307820e-01
0.000000000000000000e+00
0.000000000000000000e+00
0.000000000000000000e+00
1.923076923076923184e-01
5.769230769230768718e-01
7.051282051282051766e-01
7.820512820512820484e-01
7.051282051282051766e-01
3.076923076923077094e-01
0.000000000000000000e+00
0.000000000000000000e+00
0.000000000000000000e+00
2.692307692307692180e-01
6.282051282051281937e-01
7.692307692307692735e-01
7.307692307692307265e-01
5.897435897435897578e-01
4.102564102564102422e-01
0.000000000000000000e+00
0.000000000000000000e+00
0.000000000000000000e+00
3.205128205128205399e-01
6.282051282051281937e-01
7.435897435897436125e-01
7.179487179487179516e-01
7.179487179487179516e-01
3.333333333333333148e-01
0.000000000000000000e+00
0.000000000000000000e+00
0.000000000000000000e+00
3.333333333333333148e-01
6.410256410256410797e-01
6.282051282051281937e-01
6.923076923076922906e-01
5.512820512820513219e-01
4.102564102564102422e-01
0.000000000000000000e+00
0.000000000000000000e+00
0.000000000000000000e+00
2.948717948717948789e-01
5.000000000000000000e-01
7.948717948717948234e-01
8.076923076923077094e-01
5.641025641025640969e-01
2.564102564102563875e-01
0.000000000000000000e+00
0.000000000000000000e+00
0.000000000000000000e+00
2.179487179487179516e-01
5.641025641025640969e-01
7.051282051282051766e-01
8.205128205128204844e-01
5.769230769230768718e-01
2.564102564102563875e-01
0.000000000000000000e+00
0.000000000000000000e+00
0.000000000000000000e+00
2.435897435897435848e-01
6.538461538461538547e-01
7.948717948717948234e-01
7.179487179487179516e-01
6.923076923076922906e-01
3.589743589743589758e-01
0.000000000000000000e+00
0.000000000000000000e+00
0.000000000000000000e+00
3.717948717948718063e-01
6.153846153846154188e-01
7.435897435897436125e-01
7.564102564102563875e-01
6.153846153846154188e-01
2.179487179487179516e-01
0.000000000000000000e+00
0.000000000000000000e+00
0.000000000000000000e+00
2.820512820512820484e-01
6.282051282051281937e-01
7.307692307692307265e-01
7.307692307692307265e-01
2.564102564102564014e-02
0.000000000000000000e+00
0.000000000000000000e+00
0.000000000000000000e+00
0.000000000000000000e+00
0.000000000000000000e+00
0.000000000000000000e+00
7.435897435897436125e-01
