5.874125874125873947e-01
6.783216783216783341e-01
3.426573426573426562e-01
0.000000000000000000e+00
0.000000000000000000e+00
0.000000000000000000e+00
3.076923076923077094e-01
6.223776223776223970e-01
6.363636363636363535e-01
6.223776223776223970e-01
6.223776223776223970e-01
1.958041958041958075e-01
0.000000000000000000e+00
0.000000000000000000e+00
0.000000000000000000e+00
1.748251748251748172e-01
4.825174825174824988e-01
5.174825174825175012e-01
6.713286713286713558e-01
6.923076923076922906e-01
2.727272727272727071e-01
0.000000000000000000e+00
0.000000000000000000e+00
0.000000000000000000e+00
2.237762237762237760e-01
5.454545454545454142e-01
5.874125874125873947e-01
6.713286713286713558e-01
6.713286713286713558e-01
2.937062937062936974e-01
0.000000000000000000e+00
0.000000000000000000e+00
0.000000000000000000e+00
2.307692307692307820e-01
6.293706293706293753e-01
6.293706293706293753e-01
6.013986013986013512e-01
6.153846153846154188e-01
3.496503496503496344e-01
0.000000000000000000e+00
0.000000000000000000e+00
0.000000000000000000e+00
3.216783216783216659e-01
6.223776223776223970e-01
5.664335664335664600e-01
6.293706293706293753e-01
6.643356643356643776e-01
3.636363636363636465e-01
0.000000000000000000e+00
0.000000000000000000e+00
0.000000000000000000e+00
3.356643356643356779e-01
6.783216783216783341e-01
6.293706293706293753e-01
7.622377622377621842e-01
6.643356643356643776e-01
4.055944055944055715e-01
0.000000000000000000e+00
0.000000000000000000e+00
0.000000000000000000e+00
3.636363636363636465e-01
7.272727272727272929e-01
7.202797202797203147e-01
6.433566433566433318e-01
6.153846153846154188e-01
3.146853146853146876e-01
0.000000000000000000e+00
0.000000000000000000e+00
0.000000000000000000e+00
3.706293706293706247e-01
6.783216783216783341e-01
6.993006993006992689e-01
7.762237762237762517e-01
7.692307692307692735e-01
4.055944055944055715e-01
0.000000000000000000e+00
0.000000000000000000e+00
0.000000000000000000e+00
4.755244755244755206e-01
7.692307692307692735e-01
6.923076923076922906e-01
6.503496503496503101e-01
7.622377622377621842e-01
3.776223776223776030e-01
0.000000000000000000e+00
0.000000000000000000e+00
0.000000000000000000e+00
3.566433566433566682e-01
6.993006993006992689e-01
6.013986013986013512e-01
6.923076923076922906e-01
6.783216783216783341e-01
4.195804195804195835e-01
0.000000000000000000e+00
0.000000000000000000e+00
0.000000000000000000e+00
3.496503496503496344e-01
7.412587412587412494e-01
6.433566433566433318e-01
7.202797202797203147e-01
6.503496503496503101e-01
4.055944055944055715e-01
0.000000000000000000e+00
0.000000000000000000e+00
0.000000000000000000e+00
4.475524475524475521e-01
6.503496503496503101e-01
6.573426573426572883e-01
6.573426573426572883e-01
5.874125874125873947e-01
3.426573426573426562e-01
0.000000000000000000e+00
0.000000000000000000e+00
0.000000000000000000e+00
3.916083916083916150e-01
6.993006993006992689e-01
6.153846153846154188e-01
5.944055944055943730e-01
6.293706293706293753e-01
4.265734265734265618e-01
0.000000000000000000e+00
0.000000000000000000e+00
0.000000000000000000e+00
3.636363636363636465e-01
6.433566433566433318e-01
7.272727272727272929e-01
7.062937062937062471e-01
6.223776223776223970e-01
3.636363636363636465e-01
0.000000000000000000e+00
0.000000000000000000e+00
0.000000000000000000e+00
3.846153846153846367e-01
6.993006993006992689e-01
6.293706293706293753e-01
6.293706293706293753e-01
4.265734265734265618e-01
9.090909090909091161e-02
0.000000000000000000e+00
0.000000000000000000e+00
0.000000000000000000e+00
1.818181818181818232e-01
4.265734265734265618e-01
6.013986013986013512e-01
