5.945945945945946276e-01
5.540540540540540571e-01
1.621621621621621712e-01
0.000000000000000000e+00
0.000000000000000000e+00
0.000000000000000000e+00
2.162162162162162282e-01
6.351351351351350871e-01
7.297297297297297147e-01
6.486486486486486847e-01
4.324324324324324564e-01
1.081081081081081141e-01
0.000000000000000000e+00
0.000000000000000000e+00
0.000000000000000000e+00
1.216216216216216284e-01
5.270270270270269730e-01
7.297297297297297147e-01
7.027027027027027417e-01
5.135135135135134865e-01
1.621621621621621712e-01
0.000000000000000000e+00
0.000000000000000000e+00
0.000000000000000000e+00
1.081081081081081141e-01
5.405405405405405705e-01
6.756756756756756577e-01
7.027027027027027417e-01
4.864864864864865135e-01
1.081081081081081141e-01
0.000000000000000000e+00
0.000000000000000000e+00
0.000000000000000000e+00
1.891891891891891997e-01
5.405405405405405705e-01
7.972972972972972583e-01
8.108108108108108558e-01
4.189189189189189144e-01
1.351351351351351426e-02
0.000000000000000000e+00
0.000000000000000000e+00
0.000000000000000000e+00
5.405405405405405705e-02
3.108108108108108003e-01
7.162162162162162282e-01
7.702702702702702853e-01
3.783783783783783994e-01
9.459459459459459985e-02
0.000000000000000000e+00
0.000000000000000000e+00
0.000000000000000000e+00
8.108108108108108558e-02
3.918918918918918859e-01
7.702702702702702853e-01
8.513513513513513153e-01
4.729729729729729715e-01
1.216216216216216284e-01
0.000000000000000000e+00
0.000000000000000000e+00
0.000000000000000000e+00
1.891891891891891997e-01
4.054054054054054279e-01
7.837837837837837718e-01
7.837837837837837718e-01
7.972972972972972583e-01
2.972972972972973138e-01
0.000000000000000000e+00
0.000000000000000000e+00
0.000000000000000000e+00
3.243243243243243423e-01
5.675675675675675436e-01
7.567567567567567988e-01
7.567567567567567988e-01
6.756756756756756577e-01
3.783783783783783994e-01
0.000000000000000000e+00
0.000000000000000000e+00
0.000000000000000000e+00
3.783783783783783994e-01
6.891891891891891442e-01
7.432432432432432012e-01
7.972972972972972583e-01
6.891891891891891442e-01
3.513513513513513709e-01
0.000000000000000000e+00
0.000000000000000000e+00
0.000000000000000000e+00
3.648648648648648574e-01
6.486486486486486847e-01
6.486486486486486847e-01
6.621621621621621712e-01
6.891891891891891442e-01
3.243243243243243423e-01
0.000000000000000000e+00
0.000000000000000000e+00
0.000000000000000000e+00
2.297297297297297425e-01
7.162162162162162282e-01
6.756756756756756577e-01
7.027027027027027417e-01
6.081081081081081141e-01
3.108108108108108003e-01
0.000000000000000000e+00
0.000000000000000000e+00
0.000000000000000000e+00
2.432432432432432567e-01
6.486486486486486847e-01
8.243243243243243423e-01
7.567567567567567988e-01
6.216216216216216006e-01
2.702702702702702853e-01
0.000000000000000000e+00
0.000000000000000000e+00
0.000000000000000000e+00
3.108108108108108003e-01
6.756756756756756577e-01
7.162162162162162282e-01
7.297297297297297147e-01
5.675675675675675436e-01
1.621621621621621712e-01
0.000000000000000000e+00
0.000000000000000000e+00
0.000000000000000000e+00
1.891891891891891997e-01
5.675675675675675436e-01
7.162162162162162282e-01
7.297297297297297147e-01
5.270270270270269730e-01
1.081081081081081141e-01
0.000000000000000000e+00
0.000000000000000000e+00
0.000000000000000000e+00
1.081081081081081141e-01
4.189189189189189144e-01
6.756756756756756577e-01
7.027027027027027417e-01
4.864864864864865135e-01
1.486486486486486569e-01
0.000000000000000000e+00
0.000000000000000000e+00
0.000000000000000000e+00
1.081081081081081141e-01
4.054054054054054279e-01
5.675675675675675436e-01
