7.065217391304348116e-01
8.695652173913043237e-02
2.173913043478260809e-02
0.000000000000000000e+00
0.000000000000000000e+00
0.000000000000000000e+00
2.173913043478260809e-02
1.086956521739130405e-01
5.978260869565217295e-01
6.630434782608695121e-01
3.913043478260869734e-01
3.913043478260869734e-01
0.000000000000000000e+00
0.000000000000000000e+00
0.000000000000000000e+00
3.804347826086956763e-01
3.478260869565217295e-01
5.869565217391304879e-01
5.978260869565217295e-01
5.000000000000000000e-01
3.804347826086956763e-01
0.000000000000000000e+00
0.000000000000000000e+00
0.000000000000000000e+00
3.913043478260869734e-01
5.000000000000000000e-01
7.065217391304348116e-01
6.847826086956522174e-01
6.413043478260869179e-01
5.000000000000000000e-01
0.000000000000000000e+00
0.000000000000000000e+00
0.000000000000000000e+00
3.913043478260869734e-01
4.782608695652174058e-01
6.630434782608695121e-01
7.173913043478260532e-01
5.217391304347825942e-01
4.891304347826087029e-01
0.000000000000000000e+00
0.000000000000000000e+00
0.000000000000000000e+00
5.326086956521739468e-01
5.434782608695651884e-01
6.739130434782608647e-01
5.869565217391304879e-01
6.086956521739130821e-01
5.543478260869565410e-01
0.000000000000000000e+00
0.000000000000000000e+00
0.000000000000000000e+00
5.000000000000000000e-01
6.521739130434782705e-01
6.413043478260869179e-01
6.739130434782608647e-01
7.826086956521739468e-01
5.326086956521739468e-01
0.000000000000000000e+00
0.000000000000000000e+00
0.000000000000000000e+00
5.108695652173913526e-01
5.978260869565217295e-01
5.652173913043477826e-01
6.630434782608695121e-01
6.304347826086956763e-01
4.782608695652174058e-01
0.000000000000000000e+00
0.000000000000000000e+00
0.000000000000000000e+00
5.760869565217391353e-01
6.739130434782608647e-01
5.978260869565217295e-01
6.195652173913043237e-01
6.739130434782608647e-01
5.869565217391304879e-01
0.000000000000000000e+00
0.000000000000000000e+00
0.000000000000000000e+00
4.891304347826087029e-01
6.413043478260869179e-01
5.652173913043477826e-01
6.521739130434782705e-01
6.521739130434782705e-01
5.000000000000000000e-01
0.000000000000000000e+00
0.000000000000000000e+00
0.000000000000000000e+00
5.108695652173913526e-01
7.934782608695651884e-01
5.652173913043477826e-01
6.413043478260869179e-01
7.282608695652174058e-01
5.543478260869565410e-01
0.000000000000000000e+00
0.000000000000000000e+00
0.000000000000000000e+00
5.543478260869565410e-01
6.847826086956522174e-01
6.086956521739130821e-01
6.739130434782608647e-01
6.195652173913043237e-01
5.652173913043477826e-01
0.000000000000000000e+00
0.000000000000000000e+00
0.000000000000000000e+00
4.130434782608695676e-01
7.173913043478260532e-01
5.760869565217391353e-01
6.413043478260869179e-01
5.978260869565217295e-01
7.065217391304348116e-01
0.000000000000000000e+00
0.000000000000000000e+00
0.000000000000000000e+00
6.195652173913043237e-01
6.956521739130434590e-01
5.760869565217391353e-01
5.760869565217391353e-01
6.304347826086956763e-01
5.434782608695651884e-01
0.000000000000000000e+00
0.000000000000000000e+00
0.000000000000000000e+00
6.086956521739130821e-01
6.195652173913043237e-01
5.869565217391304879e-01
6.304347826086956763e-01
5.869565217391304879e-01
4.021739130434782705e-01
0.000000000000000000e+00
0.000000000000000000e+00
0.000000000000000000e+00
4.782608695652174058e-01
6.630434782608695121e-01
6.413043478260869179e-01
5.543478260869565410e-01
1.086956521739130405e-02
0.000000000000000000e+00
0.000000000000000000e+00
0.000000000000000000e+00
0.000000000000000000e+00
0.000000000000000000e+00
2.173913043478260809e-02
7.173913043478260532e-01
