4.303797468354430555e-01
6.962025316455696666e-01
6.455696202531645556e-01
0.000000000000000000e+00
0.000000000000000000e+00
0.000000000000000000e+00
5.822784810126582222e-01
7.341772151898734444e-01
3.924050632911392222e-01
4.430379746835442778e-01
5.063291139240506666e-01
2.025316455696202500e-01
0.000000000000000000e+00
0.000000000000000000e+00
0.000000000000000000e+00
1.518987341772151944e-01
5.822784810126582222e-01
5.822784810126582222e-01
6.075949367088607778e-01
5.696202531645570000e-01
1.518987341772151944e-01
0.000000000000000000e+00
0.000000000000000000e+00
0.000000000000000000e+00
1.772151898734177222e-01
6.202531645569620000e-01
5.316455696202531112e-01
6.202531645569620000e-01
5.443037974683544444e-01
3.164556962025316666e-01
0.000000000000000000e+00
0.000000000000000000e+00
0.000000000000000000e+00
3.417721518987341667e-01
5.316455696202531112e-01
6.708860759493671111e-01
5.316455696202531112e-01
6.329113924050633333e-01
2.278481012658227778e-01
0.000000000000000000e+00
0.000000000000000000e+00
0.000000000000000000e+00
2.151898734177215278e-01
5.569620253164556667e-01
6.202531645569620000e-01
6.582278481012657778e-01
6.455696202531645556e-01
2.658227848101265556e-01
0.000000000000000000e+00
0.000000000000000000e+00
0.000000000000000000e+00
3.037974683544303889e-01
5.443037974683544444e-01
6.582278481012657778e-01
6.835443037974683334e-01
6.075949367088607778e-01
3.670886075949367222e-01
0.000000000000000000e+00
0.000000000000000000e+00
0.000000000000000000e+00
3.670886075949367222e-01
6.835443037974683334e-01
6.455696202531645556e-01
6.329113924050633333e-01
6.455696202531645556e-01
4.177215189873417778e-01
0.000000000000000000e+00
0.000000000000000000e+00
0.000000000000000000e+00
3.544303797468354444e-01
6.835443037974683334e-01
6.835443037974683334e-01
6.075949367088607778e-01
6.582278481012657778e-01
3.037974683544303889e-01
0.000000000000000000e+00
0.000000000000000000e+00
0.000000000000000000e+00
3.417721518987341667e-01
6.582278481012657778e-01
6.708860759493671111e-01
6.329113924050633333e-01
7.341772151898734444e-01
3.670886075949367222e-01
0.000000000000000000e+00
0.000000000000000000e+00
0.000000000000000000e+00
3.670886075949367222e-01
7.721518987341772222e-01
6.835443037974683334e-01
7.341772151898734444e-01
6.329113924050633333e-01
3.797468354430380000e-01
0.000000000000000000e+00
0.000000000000000000e+00
0.000000000000000000e+00
5.063291139240506666e-01
6.835443037974683334e-01
7.594936708860760000e-01
6.075949367088607778e-01
6.329113924050633333e-01
4.683544303797468333e-01
0.000000000000000000e+00
0.000000000000000000e+00
0.000000000000000000e+00
3.417721518987341667e-01
6.708860759493671111e-01
7.341772151898734444e-01
6.962025316455696666e-01
6.962025316455696666e-01
3.797468354430380000e-01
0.000000000000000000e+00
0.000000000000000000e+00
0.000000000000000000e+00
3.291139240506328889e-01
6.329113924050633333e-01
6.075949367088607778e-01
6.455696202531645556e-01
6.202531645569620000e-01
3.291139240506328889e-01
0.000000000000000000e+00
0.000000000000000000e+00
0.000000000000000000e+00
2.405063291139240556e-01
6.202531645569620000e-01
6.329113924050633333e-01
6.708860759493671111e-01
6.075949367088607778e-01
2.278481012658227778e-01
0.000000000000000000e+00
0.000000000000000000e+00
0.000000000000000000e+00
2.405063291139240556e-01
5.443037974683544444e-01
5.949367088607594445e-01
5.822784810126582222e-01
7.468354430379746667e-01
4.936708860759493889e-01
0.000000000000000000e+00
0.000000000000000000e+00
0.000000000000000000e+00
6.075949367088607778e-01
7.721518987341772222e-01
5.189873417721518889e-01
