5.747126436781608838e-01
7.816091954022988952e-01
7.241379310344827624e-01
0.000000000000000000e+00
0.000000000000000000e+00
0.000000000000000000e+00
5.747126436781608838e-01
8.160919540229885083e-01
5.172413793103448620e-01
5.862068965517240882e-01
6.206896551724138122e-01
2.183908045977011603e-01
0.000000000000000000e+00
0.000000000000000000e+00
0.000000000000000000e+00
2.068965517241379282e-01
5.977011494252874035e-01
5.402298850574712707e-01
6.666666666666666297e-01
5.862068965517240882e-01
2.873563218390804419e-01
0.000000000000000000e+00
0.000000000000000000e+00
0.000000000000000000e+00
2.183908045977011603e-01
5.977011494252874035e-01
5.517241379310344751e-01
6.551724137931034253e-01
5.977011494252874035e-01
3.218390804597701105e-01
0.000000000000000000e+00
0.000000000000000000e+00
0.000000000000000000e+00
3.678160919540229834e-01
5.977011494252874035e-01
6.666666666666666297e-01
6.551724137931034253e-01
5.402298850574712707e-01
3.908045977011494476e-01
0.000000000000000000e+00
0.000000000000000000e+00
0.000000000000000000e+00
2.298850574712643646e-01
6.436781609195402210e-01
6.666666666666666297e-01
6.551724137931034253e-01
5.977011494252874035e-01
3.218390804597701105e-01
0.000000000000000000e+00
0.000000000000000000e+00
0.000000000000000000e+00
2.413793103448275967e-01
6.436781609195402210e-01
6.436781609195402210e-01
7.126436781609195581e-01
6.781609195402298340e-01
2.643678160919540332e-01
0.000000000000000000e+00
0.000000000000000000e+00
0.000000000000000000e+00
2.413793103448275967e-01
5.172413793103448620e-01
6.781609195402298340e-01
6.206896551724138122e-01
5.172413793103448620e-01
3.103448275862069061e-01
0.000000000000000000e+00
0.000000000000000000e+00
0.000000000000000000e+00
3.218390804597701105e-01
7.126436781609195581e-01
6.436781609195402210e-01
7.586206896551723755e-01
6.551724137931034253e-01
3.218390804597701105e-01
0.000000000000000000e+00
0.000000000000000000e+00
0.000000000000000000e+00
3.333333333333333148e-01
6.781609195402298340e-01
6.781609195402298340e-01
6.321839080459770166e-01
6.436781609195402210e-01
3.103448275862069061e-01
0.000000000000000000e+00
0.000000000000000000e+00
0.000000000000000000e+00
3.103448275862069061e-01
6.321839080459770166e-01
7.701149425287355799e-01
6.666666666666666297e-01
5.977011494252874035e-01
3.218390804597701105e-01
0.000000000000000000e+00
0.000000000000000000e+00
0.000000000000000000e+00
2.183908045977011603e-01
5.747126436781608838e-01
6.436781609195402210e-01
6.666666666666666297e-01
5.862068965517240882e-01
2.988505747126437018e-01
0.000000000000000000e+00
0.000000000000000000e+00
0.000000000000000000e+00
2.643678160919540332e-01
6.551724137931034253e-01
7.931034482758620996e-01
6.896551724137931494e-01
6.206896551724138122e-01
3.908045977011494476e-01
0.000000000000000000e+00
0.000000000000000000e+00
0.000000000000000000e+00
3.563218390804597790e-01
5.517241379310344751e-01
6.781609195402298340e-01
5.862068965517240882e-01
5.977011494252874035e-01
3.333333333333333148e-01
0.000000000000000000e+00
0.000000000000000000e+00
0.000000000000000000e+00
2.873563218390804419e-01
6.436781609195402210e-01
6.896551724137931494e-01
5.287356321839080664e-01
5.402298850574712707e-01
2.068965517241379282e-01
0.000000000000000000e+00
0.000000000000000000e+00
0.000000000000000000e+00
2.758620689655172376e-01
3.908045977011494476e-01
7.241379310344827624e-01
7.586206896551723755e-01
5.057471264367816577e-01
2.183908045977011603e-01
0.000000000000000000e+00
0.000000000000000000e+00
0.000000000000000000e+00
1.609195402298850552e-01
5.977011494252874035e-01
7.241379310344827624e-01
