6.593406593406593297e-01
4.725274725274725141e-01
7.692307692307692735e-02
0.000000000000000000e+00
0.000000000000000000e+00
0.000000000000000000e+00
8.791208791208791895e-02
5.054945054945054750e-01
6.373626373626373187e-01
7.252747252747252515e-01
5.714285714285713969e-01
2.747252747252747485e-01
0.000000000000000000e+00
0.000000000000000000e+00
0.000000000000000000e+00
3.296703296703296648e-01
5.714285714285713969e-01
6.373626373626373187e-01
7.032967032967033516e-01
6.813186813186813406e-01
2.967032967032967039e-01
0.000000000000000000e+00
0.000000000000000000e+00
0.000000000000000000e+00
2.857142857142856984e-01
6.043956043956043578e-01
6.043956043956043578e-01
6.483516483516483797e-01
6.043956043956043578e-01
3.736263736263736313e-01
0.000000000000000000e+00
0.000000000000000000e+00
0.000000000000000000e+00
3.516483516483516758e-01
7.472527472527472625e-01
6.593406593406593297e-01
6.593406593406593297e-01
6.153846153846154188e-01
4.175824175824175977e-01
0.000000000000000000e+00
0.000000000000000000e+00
0.000000000000000000e+00
4.175824175824175977e-01
6.483516483516483797e-01
6.703296703296702796e-01
6.373626373626373187e-01
6.263736263736263687e-01
2.527472527472527375e-01
0.000000000000000000e+00
0.000000000000000000e+00
0.000000000000000000e+00
3.186813186813186594e-01
6.923076923076922906e-01
7.582417582417582125e-01
6.813186813186813406e-01
7.912087912087911734e-01
3.406593406593406703e-01
0.000000000000000000e+00
0.000000000000000000e+00
0.000000000000000000e+00
3.736263736263736313e-01
7.032967032967033516e-01
6.703296703296702796e-01
6.263736263736263687e-01
6.263736263736263687e-01
3.406593406593406703e-01
0.000000000000000000e+00
0.000000000000000000e+00
0.000000000000000000e+00
3.076923076923077094e-01
6.153846153846154188e-01
5.934065934065934078e-01
7.362637362637363125e-01
7.252747252747252515e-01
3.956043956043955867e-01
0.000000000000000000e+00
0.000000000000000000e+00
0.000000000000000000e+00
4.065934065934065922e-01
6.153846153846154188e-01
6.813186813186813406e-01
7.362637362637363125e-01
7.142857142857143016e-01
3.626373626373626258e-01
0.000000000000000000e+00
0.000000000000000000e+00
0.000000000000000000e+00
4.175824175824175977e-01
6.373626373626373187e-01
6.483516483516483797e-01
6.923076923076922906e-01
6.483516483516483797e-01
3.186813186813186594e-01
0.000000000000000000e+00
0.000000000000000000e+00
0.000000000000000000e+00
3.296703296703296648e-01
6.703296703296702796e-01
6.263736263736263687e-01
7.582417582417582125e-01
6.373626373626373187e-01
2.637362637362637430e-01
0.000000000000000000e+00
0.000000000000000000e+00
0.000000000000000000e+00
4.395604395604395531e-01
5.164835164835165360e-01
5.824175824175824578e-01
6.483516483516483797e-01
7.032967032967033516e-01
3.516483516483516758e-01
0.000000000000000000e+00
0.000000000000000000e+00
0.000000000000000000e+00
2.087912087912087988e-01
6.153846153846154188e-01
6.373626373626373187e-01
6.263736263736263687e-01
5.714285714285713969e-01
1.758241758241758379e-01
0.000000000000000000e+00
0.000000000000000000e+00
0.000000000000000000e+00
2.197802197802197766e-01
4.505494505494505586e-01
7.142857142857143016e-01
6.043956043956043578e-01
5.714285714285713969e-01
1.538461538461538547e-01
0.000000000000000000e+00
0.000000000000000000e+00
0.000000000000000000e+00
1.758241758241758379e-01
5.054945054945054750e-01
6.373626373626373187e-01
6.263736263736263687e-01
6.483516483516483797e-01
2.747252747252747485e-01
0.000000000000000000e+00
0.000000000000000000e+00
0.000000000000000000e+00
3.406593406593406703e-01
6.263736263736263687e-01
6.263736263736263687e-01
