2.892561983471074460e-02
6.198347107438016701e-02
7.851239669421487821e-02
5.785123966942148921e-02
1.280991735537189979e-01
1.859504132231404872e-01
1.446280991735537091e-01
6.611570247933884481e-02
6.611570247933884481e-02
7.851239669421487821e-02
4.545454545454545581e-02
4.132231404958677801e-02
1.652892561983471120e-02
0.000000000000000000e+00
0.000000000000000000e+00
0.000000000000000000e+00
0.000000000000000000e+00
0.000000000000000000e+00
0.000000000000000000e+00
0.000000000000000000e+00
0.000000000000000000e+00
1.198347107438016562e-01
4.132231404958677801e-02
4.132231404958677801e-02
5.371900826446281141e-02
6.198347107438016701e-02
7.024793388429752261e-02
7.438016528925620041e-02
3.719008264462810021e-02
8.264462809917355601e-02
5.371900826446281141e-02
3.719008264462810021e-02
8.264462809917355601e-02
9.090909090909091161e-02
6.611570247933884481e-02
4.958677685950413361e-02
2.479338842975206680e-02
1.239669421487603340e-02
0.000000000000000000e+00
0.000000000000000000e+00
0.000000000000000000e+00
0.000000000000000000e+00
1.652892561983471120e-01
1.074380165289256228e-01
1.033057851239669450e-01
6.611570247933884481e-02
7.438016528925620041e-02
9.090909090909091161e-02
9.504132231404958941e-02
4.958677685950413361e-02
7.024793388429752261e-02
9.504132231404958941e-02
4.132231404958677801e-02
2.479338842975206680e-02
8.264462809917355601e-03
4.132231404958677801e-03
4.132231404958677801e-03
0.000000000000000000e+00
0.000000000000000000e+00
0.000000000000000000e+00
0.000000000000000000e+00
0.000000000000000000e+00
0.000000000000000000e+00
0.000000000000000000e+00
8.264462809917355601e-03
1.652892561983471120e-02
3.305785123966942241e-02
7.851239669421487821e-02
1.363636363636363535e-01
1.611570247933884203e-01
1.280991735537189979e-01
1.446280991735537091e-01
1.198347107438016562e-01
1.074380165289256228e-01
4.132231404958677801e-02
1.652892561983471120e-02
4.132231404958677801e-03
4.132231404958677801e-03
0.000000000000000000e+00
0.000000000000000000e+00
0.000000000000000000e+00
0.000000000000000000e+00
0.000000000000000000e+00
0.000000000000000000e+00
4.545454545454545581e-02
3.305785123966942241e-02
4.132231404958677801e-02
4.545454545454545581e-02
5.785123966942148921e-02
1.363636363636363535e-01
1.818181818181818232e-01
1.280991735537189979e-01
1.570247933884297564e-01
1.115702479338843006e-01
3.305785123966942241e-02
1.652892561983471120e-02
8.264462809917355601e-03
0.000000000000000000e+00
4.132231404958677801e-03
0.000000000000000000e+00
0.000000000000000000e+00
0.000000000000000000e+00
0.000000000000000000e+00
0.000000000000000000e+00
0.000000000000000000e+00
6.611570247933884481e-02
4.958677685950413361e-02
6.198347107438016701e-02
4.958677685950413361e-02
6.198347107438016701e-02
6.611570247933884481e-02
4.958677685950413361e-02
5.785123966942148921e-02
7.024793388429752261e-02
8.677685950413223381e-02
7.438016528925620041e-02
4.958677685950413361e-02
9.504132231404958941e-02
6.611570247933884481e-02
4.958677685950413361e-02
3.719008264462810021e-02
4.132231404958677801e-03
4.132231404958677801e-03
0.000000000000000000e+00
0.000000000000000000e+00
0.000000000000000000e+00
6.611570247933884481e-02
4.545454545454545581e-02
5.785123966942148921e-02
5.371900826446281141e-02
9.090909090909091161e-02
8.677685950413223381e-02
1.239669421487603340e-01
5.371900826446281141e-02
1.363636363636363535e-01
6.611570247933884481e-02
7.438016528925620041e-02
8.264462809917355601e-02
4.132231404958677801e-02
1.652892561983471120e-02
4.132231404958677801e-03
0.000000000000000000e+00
0.000000000000000000e+00
0.000000000000000000e+00
0.000000000000000000e+00
0.000000000000000000e+00
0.000000000000000000e+00
0.000000000000000000e+00
0.000000000000000000e+00
2.066115702479338900e-02
1.239669421487603340e-02
2.892561983471074460e-02
1.652892561983471120e-02
5.371900826446281141e-02
7.851239669421487821e-02
1.942148760330578428e-01
2.685950413223140432e-01
2.148760330578512456e-01
7.851239669421487821e-02
3.305785123966942241e-02
0.000000000000000000e+00
0.000000000000000000e+00
0.000000000000000000e+00
0.000000000000000000e+00
0.000000000000000000e+00
0.000000000000000000e+00
0.000000000000000000e+00
0.000000000000000000e+00
4.132231404958677801e-03
0.000000000000000000e+00
2.066115702479338900e-02
2.066115702479338900e-02
4.958677685950413361e-02
7.438016528925620041e-02
1.115702479338843006e-01
1.033057851239669450e-01
2.396694214876033124e-01
1.528925619834710647e-01
9.917355371900826722e-02
6.611570247933884481e-02
3.305785123966942241e-02
1.652892561983471120e-02
4.132231404958677801e-03
0.000000000000000000e+00
4.132231404958677801e-03
0.000000000000000000e+00
0.000000000000000000e+00
0.000000000000000000e+00
0.000000000000000000e+00
3.429752066115702713e-01
1.198347107438016562e-01
5.785123966942148921e-02
5.785123966942148921e-02
5.785123966942148921e-02
7.024793388429752261e-02
5.785123966942148921e-02
4.545454545454545581e-02
4.132231404958677801e-02
3.305785123966942241e-02
2.479338842975206680e-02
3.719008264462810021e-02
2.066115702479338900e-02
2.066115702479338900e-02
0.000000000000000000e+00
1.239669421487603340e-02
0.000000000000000000e+00
0.000000000000000000e+00
0.000000000000000000e+00
0.000000000000000000e+00
0.000000000000000000e+00
2.892561983471074460e-02
5.371900826446281141e-02
5.371900826446281141e-02
4.545454545454545581e-02
1.115702479338843006e-01
1.115702479338843006e-01
1.033057851239669450e-01
8.264462809917355601e-02
8.677685950413223381e-02
9.504132231404958941e-02
8.264462809917355601e-02
7.024793388429752261e-02
3.719008264462810021e-02
2.066115702479338900e-02
1.652892561983471120e-02
0.000000000000000000e+00
0.000000000000000000e+00
0.000000000000000000e+00
0.000000000000000000e+00
0.000000000000000000e+00
0.000000000000000000e+00
0.000000000000000000e+00
4.132231404958677801e-03
1.239669421487603340e-02
2.479338842975206680e-02
3.305785123966942241e-02
4.958677685950413361e-02
9.090909090909091161e-02
1.735537190082644676e-01
2.314049586776859568e-01
1.818181818181818232e-01
1.198347107438016562e-01
4.545454545454545581e-02
2.066115702479338900e-02
8.264462809917355601e-03
4.132231404958677801e-03
0.000000000000000000e+00
0.000000000000000000e+00
0.000000000000000000e+00
0.000000000000000000e+00
0.000000000000000000e+00
0.000000000000000000e+00
0.000000000000000000e+00
0.000000000000000000e+00
0.000000000000000000e+00
0.000000000000000000e+00
0.000000000000000000e+00
8.264462809917355601e-03
1.611570247933884203e-01
1.900826446280991788e-01
2.438016528925619764e-01
1.942148760330578428e-01
1.280991735537189979e-01
6.198347107438016701e-02
8.264462809917355601e-03
4.132231404958677801e-03
0.000000000000000000e+00
0.000000000000000000e+00
0.000000000000000000e+00
0.000000000000000000e+00
0.000000000000000000e+00
0.000000000000000000e+00
0.000000000000000000e+00
7.024793388429752261e-02
2.479338842975206680e-02
2.479338842975206680e-02
8.264462809917355601e-03
3.719008264462810021e-02
4.958677685950413361e-02
6.611570247933884481e-02
6.611570247933884481e-02
1.446280991735537091e-01
1.487603305785124008e-01
1.157024793388429784e-01
1.487603305785124008e-01
5.785123966942148921e-02
3.719008264462810021e-02
0.000000000000000000e+00
0.000000000000000000e+00
0.000000000000000000e+00
0.000000000000000000e+00
0.000000000000000000e+00
0.000000000000000000e+00
0.000000000000000000e+00
4.958677685950413361e-02
2.479338842975206680e-02
2.066115702479338900e-02
4.545454545454545581e-02
3.305785123966942241e-02
5.371900826446281141e-02
8.677685950413223381e-02
9.917355371900826722e-02
1.818181818181818232e-01
1.528925619834710647e-01
1.404958677685950452e-01
6.611570247933884481e-02
3.305785123966942241e-02
8.264462809917355601e-03
4.132231404958677801e-03
0.000000000000000000e+00
0.000000000000000000e+00
0.000000000000000000e+00
0.000000000000000000e+00
0.000000000000000000e+00
0.000000000000000000e+00
0.000000000000000000e+00
0.000000000000000000e+00
4.132231404958677801e-03
4.132231404958677801e-03
4.132231404958677801e-03
6.198347107438016701e-02
1.157024793388429784e-01
1.115702479338843006e-01
2.272727272727272652e-01
2.355371900826446208e-01
1.652892561983471120e-01
4.958677685950413361e-02
1.239669421487603340e-02
4.132231404958677801e-03
4.132231404958677801e-03
0.000000000000000000e+00
0.000000000000000000e+00
0.000000000000000000e+00
0.000000000000000000e+00
0.000000000000000000e+00
0.000000000000000000e+00
