1.417112299465240755e-01
7.486631016042780140e-02
9.625668449197860577e-02
1.122994652406417160e-01
1.149732620320855631e-01
1.069518716577540079e-01
0.000000000000000000e+00
7.754010695187166236e-02
6.951871657754010725e-02
5.347593582887700397e-02
5.080213903743315690e-02
4.278074866310160179e-02
2.941176470588235253e-02
0.000000000000000000e+00
1.871657754010695035e-02
5.347593582887700224e-03
5.347593582887700224e-03
0.000000000000000000e+00
0.000000000000000000e+00
0.000000000000000000e+00
0.000000000000000000e+00
3.475935828877005362e-02
3.743315508021390070e-02
5.882352941176470507e-02
6.951871657754010725e-02
1.096256684491978550e-01
9.625668449197860577e-02
0.000000000000000000e+00
1.470588235294117696e-01
9.090909090909091161e-02
8.823529411764706454e-02
7.754010695187166236e-02
5.080213903743315690e-02
5.882352941176470507e-02
0.000000000000000000e+00
4.010695187165775472e-02
2.941176470588235253e-02
5.347593582887700224e-03
5.347593582887700224e-03
0.000000000000000000e+00
0.000000000000000000e+00
0.000000000000000000e+00
1.042780748663101609e-01
7.219251336898395432e-02
6.417112299465241310e-02
1.203208556149732572e-01
1.096256684491978550e-01
1.283422459893048262e-01
0.000000000000000000e+00
1.042780748663101609e-01
6.684491978609626017e-02
6.951871657754010725e-02
7.219251336898395432e-02
2.406417112299465144e-02
4.010695187165775472e-02
0.000000000000000000e+00
1.871657754010695035e-02
0.000000000000000000e+00
0.000000000000000000e+00
5.347593582887700224e-03
0.000000000000000000e+00
0.000000000000000000e+00
0.000000000000000000e+00
1.283422459893048262e-01
6.149732620320855908e-02
5.882352941176470507e-02
9.893048128342246672e-02
6.684491978609626017e-02
9.358288770053475869e-02
0.000000000000000000e+00
1.122994652406417160e-01
8.823529411764706454e-02
9.090909090909091161e-02
5.882352941176470507e-02
3.743315508021390070e-02
4.010695187165775472e-02
0.000000000000000000e+00
1.604278074866310327e-02
3.743315508021390070e-02
5.347593582887700224e-03
5.347593582887700224e-03
0.000000000000000000e+00
0.000000000000000000e+00
0.000000000000000000e+00
9.090909090909091161e-02
5.882352941176470507e-02
5.882352941176470507e-02
8.288770053475935651e-02
9.893048128342246672e-02
9.625668449197860577e-02
0.000000000000000000e+00
8.288770053475935651e-02
6.684491978609626017e-02
9.090909090909091161e-02
8.288770053475935651e-02
7.754010695187166236e-02
4.545454545454545581e-02
0.000000000000000000e+00
2.941176470588235253e-02
1.336898395721925099e-02
2.139037433155080090e-02
2.673796791443850112e-03
0.000000000000000000e+00
0.000000000000000000e+00
0.000000000000000000e+00
2.673796791443850199e-02
5.614973262032085799e-02
8.288770053475935651e-02
6.951871657754010725e-02
6.417112299465241310e-02
1.122994652406417160e-01
0.000000000000000000e+00
1.417112299465240755e-01
1.122994652406417160e-01
9.090909090909091161e-02
9.625668449197860577e-02
6.951871657754010725e-02
3.743315508021390070e-02
0.000000000000000000e+00
1.604278074866310327e-02
1.336898395721925099e-02
1.069518716577540045e-02
0.000000000000000000e+00
0.000000000000000000e+00
0.000000000000000000e+00
0.000000000000000000e+00
6.417112299465241310e-02
8.556149732620320358e-02
7.219251336898395432e-02
6.951871657754010725e-02
1.069518716577540079e-01
9.358288770053475869e-02
0.000000000000000000e+00
1.310160427807486594e-01
9.625668449197860577e-02
1.069518716577540079e-01
5.882352941176470507e-02
5.080213903743315690e-02
3.475935828877005362e-02
0.000000000000000000e+00
8.021390374331551637e-03
1.604278074866310327e-02
2.673796791443850112e-03
2.673796791443850112e-03
0.000000000000000000e+00
0.000000000000000000e+00
0.000000000000000000e+00
4.278074866310160179e-02
7.754010695187166236e-02
6.149732620320855908e-02
8.823529411764706454e-02
9.090909090909091161e-02
1.122994652406417160e-01
0.000000000000000000e+00
1.122994652406417160e-01
1.336898395721925203e-01
9.625668449197860577e-02
8.021390374331550943e-02
5.080213903743315690e-02
2.406417112299465144e-02
0.000000000000000000e+00
1.871657754010695035e-02
1.069518716577540045e-02
0.000000000000000000e+00
0.000000000000000000e+00
0.000000000000000000e+00
0.000000000000000000e+00
0.000000000000000000e+00
2.406417112299465144e-02
5.080213903743315690e-02
5.347593582887700397e-02
8.021390374331550943e-02
8.556149732620320358e-02
1.069518716577540079e-01
0.000000000000000000e+00
9.625668449197860577e-02
1.229946524064171182e-01
1.390374331550802145e-01
9.893048128342246672e-02
6.149732620320855908e-02
4.278074866310160179e-02
0.000000000000000000e+00
2.139037433155080090e-02
5.347593582887700224e-03
2.673796791443850112e-03
5.347593582887700224e-03
2.673796791443850112e-03
0.000000000000000000e+00
0.000000000000000000e+00
2.673796791443850112e-03
5.347593582887700224e-03
2.139037433155080090e-02
5.882352941176470507e-02
6.951871657754010725e-02
1.042780748663101609e-01
0.000000000000000000e+00
1.203208556149732572e-01
1.577540106951871579e-01
1.256684491978609652e-01
8.556149732620320358e-02
1.149732620320855631e-01
7.219251336898395432e-02
0.000000000000000000e+00
4.010695187165775472e-02
1.069518716577540045e-02
8.021390374331551637e-03
2.673796791443850112e-03
0.000000000000000000e+00
0.000000000000000000e+00
0.000000000000000000e+00
0.000000000000000000e+00
1.336898395721925099e-02
1.604278074866310327e-02
3.475935828877005362e-02
6.417112299465241310e-02
6.684491978609626017e-02
0.000000000000000000e+00
9.625668449197860577e-02
1.016042780748663138e-01
1.229946524064171182e-01
1.283422459893048262e-01
1.336898395721925203e-01
9.358288770053475869e-02
0.000000000000000000e+00
5.882352941176470507e-02
2.941176470588235253e-02
3.208556149732620655e-02
5.347593582887700224e-03
2.673796791443850112e-03
0.000000000000000000e+00
0.000000000000000000e+00
1.336898395721925099e-02
1.336898395721925099e-02
3.208556149732620655e-02
4.812834224598930288e-02
4.812834224598930288e-02
8.556149732620320358e-02
0.000000000000000000e+00
1.336898395721925203e-01
1.149732620320855631e-01
1.176470588235294101e-01
9.625668449197860577e-02
1.256684491978609652e-01
7.486631016042780140e-02
0.000000000000000000e+00
3.743315508021390070e-02
4.545454545454545581e-02
1.069518716577540045e-02
2.673796791443850112e-03
0.000000000000000000e+00
0.000000000000000000e+00
0.000000000000000000e+00
0.000000000000000000e+00
2.673796791443850112e-03
2.406417112299465144e-02
5.614973262032085799e-02
7.219251336898395432e-02
1.229946524064171182e-01
0.000000000000000000e+00
1.310160427807486594e-01
1.016042780748663138e-01
1.577540106951871579e-01
1.443850267379679086e-01
1.096256684491978550e-01
4.010695187165775472e-02
0.000000000000000000e+00
1.069518716577540045e-02
2.673796791443850199e-02
0.000000000000000000e+00
0.000000000000000000e+00
0.000000000000000000e+00
0.000000000000000000e+00
0.000000000000000000e+00
2.673796791443850112e-03
1.604278074866310327e-02
4.010695187165775472e-02
6.149732620320855908e-02
1.203208556149732572e-01
1.336898395721925203e-01
0.000000000000000000e+00
1.176470588235294101e-01
1.310160427807486594e-01
1.176470588235294101e-01
1.256684491978609652e-01
6.149732620320855908e-02
4.545454545454545581e-02
0.000000000000000000e+00
2.139037433155080090e-02
5.347593582887700224e-03
0.000000000000000000e+00
0.000000000000000000e+00
0.000000000000000000e+00
0.000000000000000000e+00
0.000000000000000000e+00
0.000000000000000000e+00
2.673796791443850112e-03
8.021390374331551637e-03
2.406417112299465144e-02
4.545454545454545581e-02
1.042780748663101609e-01
0.000000000000000000e+00
1.256684491978609652e-01
1.711229946524064072e-01
1.604278074866310189e-01
9.090909090909091161e-02
1.203208556149732572e-01
7.486631016042780140e-02
0.000000000000000000e+00
2.673796791443850199e-02
2.941176470588235253e-02
1.336898395721925099e-02
2.673796791443850112e-03
0.000000000000000000e+00
0.000000000000000000e+00
0.000000000000000000e+00
5.347593582887700224e-03
1.336898395721925099e-02
2.406417112299465144e-02
4.812834224598930288e-02
8.823529411764706454e-02
1.149732620320855631e-01
0.000000000000000000e+00
1.363636363636363535e-01
1.283422459893048262e-01
1.363636363636363535e-01
1.283422459893048262e-01
6.149732620320855908e-02
6.684491978609626017e-02
0.000000000000000000e+00
3.208556149732620655e-02
8.021390374331551637e-03
8.021390374331551637e-03
0.000000000000000000e+00
0.000000000000000000e+00
0.000000000000000000e+00
0.000000000000000000e+00
