7.195121951219511924e-01
1.707317073170731836e-01
3.658536585365853439e-02
0.000000000000000000e+00
0.000000000000000000e+00
0.000000000000000000e+00
4.878048780487805047e-02
1.829268292682926789e-01
6.707317073170732113e-01
6.951219512195121464e-01
5.121951219512195230e-01
3.048780487804877981e-01
0.000000000000000000e+00
0.000000000000000000e+00
0.000000000000000000e+00
2.560975609756097615e-01
6.707317073170732113e-01
7.317073170731707155e-01
5.609756097560976151e-01
5.000000000000000000e-01
3.048780487804877981e-01
0.000000000000000000e+00
0.000000000000000000e+00
0.000000000000000000e+00
3.658536585365853577e-01
7.073170731707316694e-01
7.195121951219511924e-01
7.439024390243902385e-01
5.121951219512195230e-01
3.780487804878048808e-01
0.000000000000000000e+00
0.000000000000000000e+00
0.000000000000000000e+00
3.170731707317073211e-01
6.951219512195121464e-01
7.682926829268292845e-01
7.317073170731707155e-01
5.975609756097560732e-01
2.317073170731707432e-01
0.000000000000000000e+00
0.000000000000000000e+00
0.000000000000000000e+00
3.536585365853658347e-01
6.219512195121951192e-01
7.560975609756097615e-01
6.951219512195121464e-01
6.219512195121951192e-01
3.658536585365853577e-01
0.000000000000000000e+00
0.000000000000000000e+00
0.000000000000000000e+00
2.804878048780488076e-01
6.707317073170732113e-01
7.073170731707316694e-01
7.560975609756097615e-01
6.219512195121951192e-01
4.024390243902439268e-01
0.000000000000000000e+00
0.000000000000000000e+00
0.000000000000000000e+00
4.024390243902439268e-01
6.219512195121951192e-01
7.804878048780488076e-01
6.219512195121951192e-01
5.243902439024390461e-01
3.658536585365853577e-01
0.000000000000000000e+00
0.000000000000000000e+00
0.000000000000000000e+00
3.048780487804877981e-01
6.829268292682927344e-01
6.219512195121951192e-01
4.024390243902439268e-01
4.512195121951219634e-01
2.560975609756097615e-01
0.000000000000000000e+00
0.000000000000000000e+00
0.000000000000000000e+00
3.170731707317073211e-01
6.341463414634146423e-01
5.853658536585365502e-01
4.512195121951219634e-01
5.121951219512195230e-01
3.536585365853658347e-01
0.000000000000000000e+00
0.000000000000000000e+00
0.000000000000000000e+00
3.414634146341463672e-01
5.975609756097560732e-01
6.219512195121951192e-01
5.731707317073170271e-01
5.487804878048780921e-01
2.804878048780488076e-01
0.000000000000000000e+00
0.000000000000000000e+00
0.000000000000000000e+00
3.658536585365853577e-01
6.829268292682927344e-01
5.731707317073170271e-01
6.463414634146341653e-01
6.951219512195121464e-01
3.292682926829268442e-01
0.000000000000000000e+00
0.000000000000000000e+00
0.000000000000000000e+00
3.902439024390244038e-01
6.463414634146341653e-01
5.731707317073170271e-01
7.439024390243902385e-01
7.926829268292683306e-01
3.414634146341463672e-01
0.000000000000000000e+00
0.000000000000000000e+00
0.000000000000000000e+00
3.658536585365853577e-01
6.463414634146341653e-01
6.097560975609755962e-01
6.951219512195121464e-01
7.073170731707316694e-01
2.926829268292682751e-01
0.000000000000000000e+00
0.000000000000000000e+00
0.000000000000000000e+00
3.292682926829268442e-01
7.073170731707316694e-01
6.585365853658536883e-01
6.829268292682927344e-01
5.731707317073170271e-01
2.195121951219512202e-01
0.000000000000000000e+00
0.000000000000000000e+00
0.000000000000000000e+00
2.317073170731707432e-01
6.707317073170732113e-01
6.829268292682927344e-01
3.902439024390244038e-01
7.195121951219511924e-01
5.365853658536585691e-01
0.000000000000000000e+00
0.000000000000000000e+00
0.000000000000000000e+00
5.487804878048780921e-01
6.707317073170732113e-01
6.219512195121951192e-01
