2.533333333333333548e-01
3.733333333333333504e-01
2.800000000000000266e-01
0.000000000000000000e+00
0.000000000000000000e+00
0.000000000000000000e+00
3.599999999999999867e-01
6.666666666666666297e-01
4.400000000000000022e-01
3.866666666666666585e-01
4.133333333333333304e-01
1.466666666666666674e-01
0.000000000000000000e+00
0.000000000000000000e+00
0.000000000000000000e+00
1.733333333333333393e-01
5.466666666666666341e-01
5.600000000000000533e-01
5.066666666666667096e-01
4.133333333333333304e-01
1.866666666666666752e-01
0.000000000000000000e+00
0.000000000000000000e+00
0.000000000000000000e+00
3.066666666666666430e-01
7.733333333333333171e-01
5.600000000000000533e-01
7.333333333333332815e-01
5.066666666666667096e-01
1.733333333333333393e-01
0.000000000000000000e+00
0.000000000000000000e+00
0.000000000000000000e+00
3.200000000000000067e-01
7.466666666666667007e-01
6.133333333333332860e-01
4.266666666666666941e-01
6.133333333333332860e-01
2.133333333333333470e-01
0.000000000000000000e+00
0.000000000000000000e+00
0.000000000000000000e+00
3.466666666666666785e-01
8.133333333333333526e-01
5.200000000000000178e-01
5.866666666666666696e-01
5.733333333333333615e-01
3.599999999999999867e-01
0.000000000000000000e+00
0.000000000000000000e+00
0.000000000000000000e+00
3.333333333333333148e-01
7.600000000000000089e-01
5.866666666666666696e-01
6.666666666666666297e-01
6.266666666666667052e-01
3.599999999999999867e-01
0.000000000000000000e+00
0.000000000000000000e+00
0.000000000000000000e+00
3.333333333333333148e-01
7.066666666666666652e-01
6.133333333333332860e-01
6.133333333333332860e-01
6.533333333333333215e-01
2.666666666666666630e-01
0.000000000000000000e+00
0.000000000000000000e+00
0.000000000000000000e+00
2.933333333333333348e-01
6.400000000000000133e-01
6.400000000000000133e-01
6.533333333333333215e-01
6.400000000000000133e-01
3.200000000000000067e-01
0.000000000000000000e+00
0.000000000000000000e+00
0.000000000000000000e+00
3.866666666666666585e-01
7.600000000000000089e-01
6.266666666666667052e-01
6.266666666666667052e-01
7.600000000000000089e-01
3.866666666666666585e-01
0.000000000000000000e+00
0.000000000000000000e+00
0.000000000000000000e+00
3.200000000000000067e-01
5.733333333333333615e-01
6.800000000000000488e-01
6.533333333333333215e-01
6.933333333333333570e-01
3.066666666666666430e-01
0.000000000000000000e+00
0.000000000000000000e+00
0.000000000000000000e+00
3.333333333333333148e-01
5.066666666666667096e-01
7.866666666666666252e-01
6.800000000000000488e-01
6.533333333333333215e-01
3.599999999999999867e-01
0.000000000000000000e+00
0.000000000000000000e+00
0.000000000000000000e+00
3.599999999999999867e-01
5.866666666666666696e-01
6.266666666666667052e-01
8.133333333333333526e-01
5.999999999999999778e-01
2.800000000000000266e-01
0.000000000000000000e+00
0.000000000000000000e+00
0.000000000000000000e+00
2.399999999999999911e-01
5.466666666666666341e-01
6.400000000000000133e-01
8.533333333333333881e-01
7.333333333333332815e-01
1.866666666666666752e-01
0.000000000000000000e+00
0.000000000000000000e+00
0.000000000000000000e+00
2.133333333333333470e-01
4.666666666666666741e-01
7.600000000000000089e-01
7.466666666666667007e-01
5.600000000000000533e-01
3.200000000000000067e-01
0.000000000000000000e+00
0.000000000000000000e+00
0.000000000000000000e+00
3.333333333333333148e-01
5.600000000000000533e-01
6.933333333333333570e-01
6.133333333333332860e-01
7.866666666666666252e-01
6.533333333333333215e-01
0.000000000000000000e+00
0.000000000000000000e+00
0.000000000000000000e+00
5.866666666666666696e-01
7.466666666666667007e-01
5.999999999999999778e-01
