5.656565656565656353e-01
6.464646464646465196e-01
3.939393939393939226e-01
0.000000000000000000e+00
0.000000000000000000e+00
0.000000000000000000e+00
4.141414141414141437e-01
7.878787878787878451e-01
5.757575757575758013e-01
6.868686868686868507e-01
5.858585858585858563e-01
1.616161616161616299e-01
0.000000000000000000e+00
0.000000000000000000e+00
0.000000000000000000e+00
1.616161616161616299e-01
5.555555555555555802e-01
6.666666666666666297e-01
7.676767676767676241e-01
6.363636363636363535e-01
2.626262626262626521e-01
0.000000000000000000e+00
0.000000000000000000e+00
0.000000000000000000e+00
1.111111111111111049e-01
5.858585858585858563e-01
7.474747474747475140e-01
7.474747474747475140e-01
6.262626262626262985e-01
1.818181818181818232e-01
0.000000000000000000e+00
0.000000000000000000e+00
0.000000000000000000e+00
3.131313131313131493e-01
5.959595959595959114e-01
6.767676767676767957e-01
6.767676767676767957e-01
5.858585858585858563e-01
3.939393939393939226e-01
0.000000000000000000e+00
0.000000000000000000e+00
0.000000000000000000e+00
3.333333333333333148e-01
5.656565656565656353e-01
7.070707070707070718e-01
6.969696969696970168e-01
5.858585858585858563e-01
3.030303030303030387e-01
0.000000000000000000e+00
0.000000000000000000e+00
0.000000000000000000e+00
3.131313131313131493e-01
5.858585858585858563e-01
6.060606060606060774e-01
6.565656565656565746e-01
6.969696969696970168e-01
2.727272727272727071e-01
0.000000000000000000e+00
0.000000000000000000e+00
0.000000000000000000e+00
2.525252525252525415e-01
5.959595959595959114e-01
6.767676767676767957e-01
7.070707070707070718e-01
5.656565656565656353e-01
1.919191919191919060e-01
0.000000000000000000e+00
0.000000000000000000e+00
0.000000000000000000e+00
2.626262626262626521e-01
5.555555555555555802e-01
6.464646464646465196e-01
7.272727272727272929e-01
6.464646464646465196e-01
2.222222222222222099e-01
0.000000000000000000e+00
0.000000000000000000e+00
0.000000000000000000e+00
2.929292929292929282e-01
5.454545454545454142e-01
5.656565656565656353e-01
7.676767676767676241e-01
6.565656565656565746e-01
3.232323232323232598e-01
0.000000000000000000e+00
0.000000000000000000e+00
0.000000000000000000e+00
3.131313131313131493e-01
5.656565656565656353e-01
6.868686868686868507e-01
7.979797979797980112e-01
6.666666666666666297e-01
3.131313131313131493e-01
0.000000000000000000e+00
0.000000000000000000e+00
0.000000000000000000e+00
2.121212121212121271e-01
6.262626262626262985e-01
5.757575757575758013e-01
6.767676767676767957e-01
7.676767676767676241e-01
1.919191919191919060e-01
0.000000000000000000e+00
0.000000000000000000e+00
0.000000000000000000e+00
2.020202020202020166e-01
5.151515151515151381e-01
6.868686868686868507e-01
6.969696969696970168e-01
6.363636363636363535e-01
2.929292929292929282e-01
0.000000000000000000e+00
0.000000000000000000e+00
0.000000000000000000e+00
2.020202020202020166e-01
4.848484848484848619e-01
6.464646464646465196e-01
7.070707070707070718e-01
4.646464646464646409e-01
2.525252525252525415e-01
0.000000000000000000e+00
0.000000000000000000e+00
0.000000000000000000e+00
2.222222222222222099e-01
6.767676767676767957e-01
7.070707070707070718e-01
5.858585858585858563e-01
5.454545454545454142e-01
1.111111111111111049e-01
0.000000000000000000e+00
0.000000000000000000e+00
0.000000000000000000e+00
1.111111111111111049e-01
4.040404040404040331e-01
6.464646464646465196e-01
5.555555555555555802e-01
6.363636363636363535e-01
4.646464646464646409e-01
0.000000000000000000e+00
0.000000000000000000e+00
0.000000000000000000e+00
4.848484848484848619e-01
6.262626262626262985e-01
5.050505050505050830e-01
