0.000000000000000000e+00
2.976190476190476025e-03
2.976190476190476025e-03
1.785714285714285615e-02
3.571428571428571230e-02
5.654761904761904795e-02
1.517857142857142738e-01
2.886904761904761640e-01
1.994047619047619180e-01
1.369047619047619180e-01
9.523809523809523281e-02
1.190476190476190410e-02
0.000000000000000000e+00
0.000000000000000000e+00
0.000000000000000000e+00
0.000000000000000000e+00
0.000000000000000000e+00
0.000000000000000000e+00
0.000000000000000000e+00
0.000000000000000000e+00
0.000000000000000000e+00
0.000000000000000000e+00
0.000000000000000000e+00
0.000000000000000000e+00
1.785714285714285615e-02
3.869047619047619180e-02
5.952380952380952051e-02
9.821428571428571230e-02
1.904761904761904656e-01
1.785714285714285754e-01
2.232142857142857262e-01
1.398809523809523836e-01
3.571428571428571230e-02
1.785714285714285615e-02
0.000000000000000000e+00
0.000000000000000000e+00
0.000000000000000000e+00
0.000000000000000000e+00
0.000000000000000000e+00
0.000000000000000000e+00
0.000000000000000000e+00
0.000000000000000000e+00
5.952380952380952051e-03
8.928571428571428076e-03
1.785714285714285615e-02
5.357142857142856845e-02
8.928571428571428770e-02
1.488095238095238082e-01
1.904761904761904656e-01
1.666666666666666574e-01
1.458333333333333426e-01
1.130952380952380959e-01
4.464285714285714385e-02
1.488095238095238013e-02
0.000000000000000000e+00
0.000000000000000000e+00
0.000000000000000000e+00
0.000000000000000000e+00
0.000000000000000000e+00
0.000000000000000000e+00
0.000000000000000000e+00
0.000000000000000000e+00
0.000000000000000000e+00
1.488095238095238013e-02
2.380952380952380820e-02
3.571428571428571230e-02
5.059523809523809590e-02
9.523809523809523281e-02
1.964285714285714246e-01
1.696428571428571508e-01
1.309523809523809590e-01
1.190476190476190410e-01
7.738095238095238360e-02
6.547619047619047949e-02
1.785714285714285615e-02
2.976190476190476025e-03
0.000000000000000000e+00
0.000000000000000000e+00
0.000000000000000000e+00
0.000000000000000000e+00
0.000000000000000000e+00
0.000000000000000000e+00
0.000000000000000000e+00
0.000000000000000000e+00
8.928571428571428076e-03
1.785714285714285615e-02
3.869047619047619180e-02
1.011904761904761918e-01
7.440476190476190410e-02
1.160714285714285754e-01
1.250000000000000000e-01
1.458333333333333426e-01
1.517857142857142738e-01
1.190476190476190410e-01
8.630952380952380820e-02
8.928571428571428076e-03
2.976190476190476025e-03
2.976190476190476025e-03
0.000000000000000000e+00
0.000000000000000000e+00
0.000000000000000000e+00
0.000000000000000000e+00
0.000000000000000000e+00
0.000000000000000000e+00
0.000000000000000000e+00
0.000000000000000000e+00
0.000000000000000000e+00
1.488095238095238013e-02
2.083333333333333218e-02
6.547619047619047949e-02
8.928571428571428770e-02
1.011904761904761918e-01
1.160714285714285754e-01
1.636904761904761918e-01
1.250000000000000000e-01
1.934523809523809590e-01
7.142857142857142461e-02
3.273809523809523975e-02
5.952380952380952051e-03
0.000000000000000000e+00
0.000000000000000000e+00
0.000000000000000000e+00
0.000000000000000000e+00
0.000000000000000000e+00
0.000000000000000000e+00
0.000000000000000000e+00
0.000000000000000000e+00
0.000000000000000000e+00
0.000000000000000000e+00
2.976190476190476025e-03
1.190476190476190410e-02
6.845238095238095899e-02
1.339285714285714246e-01
1.994047619047619180e-01
1.607142857142857262e-01
1.934523809523809590e-01
1.547619047619047672e-01
4.761904761904761640e-02
2.083333333333333218e-02
5.952380952380952051e-03
0.000000000000000000e+00
0.000000000000000000e+00
0.000000000000000000e+00
0.000000000000000000e+00
0.000000000000000000e+00
0.000000000000000000e+00
0.000000000000000000e+00
2.976190476190476025e-03
8.928571428571428076e-03
2.678571428571428423e-02
4.166666666666666435e-02
7.440476190476190410e-02
1.428571428571428492e-01
1.815476190476190410e-01
2.023809523809523836e-01
1.636904761904761918e-01
9.226190476190476719e-02
5.059523809523809590e-02
1.190476190476190410e-02
0.000000000000000000e+00
0.000000000000000000e+00
0.000000000000000000e+00
0.000000000000000000e+00
0.000000000000000000e+00
0.000000000000000000e+00
0.000000000000000000e+00
0.000000000000000000e+00
0.000000000000000000e+00
3.095238095238095344e-01
2.142857142857142738e-01
1.845238095238095344e-01
1.309523809523809590e-01
7.440476190476190410e-02
5.059523809523809590e-02
2.083333333333333218e-02
1.190476190476190410e-02
2.976190476190476025e-03
0.000000000000000000e+00
0.000000000000000000e+00
0.000000000000000000e+00
0.000000000000000000e+00
0.000000000000000000e+00
0.000000000000000000e+00
0.000000000000000000e+00
0.000000000000000000e+00
0.000000000000000000e+00
0.000000000000000000e+00
0.000000000000000000e+00
0.000000000000000000e+00
5.952380952380952051e-03
2.678571428571428423e-02
5.952380952380952051e-02
8.630952380952380820e-02
1.071428571428571369e-01
1.428571428571428492e-01
1.279761904761904656e-01
1.904761904761904656e-01
1.458333333333333426e-01
6.250000000000000000e-02
4.166666666666666435e-02
2.976190476190476025e-03
0.000000000000000000e+00
0.000000000000000000e+00
0.000000000000000000e+00
0.000000000000000000e+00
0.000000000000000000e+00
0.000000000000000000e+00
0.000000000000000000e+00
0.000000000000000000e+00
0.000000000000000000e+00
5.059523809523809590e-02
3.571428571428571230e-02
5.059523809523809590e-02
1.011904761904761918e-01
1.309523809523809590e-01
1.309523809523809590e-01
1.726190476190476164e-01
1.696428571428571508e-01
7.738095238095238360e-02
5.357142857142856845e-02
2.083333333333333218e-02
5.952380952380952051e-03
0.000000000000000000e+00
0.000000000000000000e+00
0.000000000000000000e+00
0.000000000000000000e+00
0.000000000000000000e+00
0.000000000000000000e+00
0.000000000000000000e+00
0.000000000000000000e+00
0.000000000000000000e+00
2.976190476190476025e-03
2.976190476190476025e-03
5.952380952380952051e-03
2.380952380952380820e-02
5.654761904761904795e-02
9.226190476190476719e-02
1.220238095238095205e-01
1.994047619047619180e-01
2.232142857142857262e-01
1.130952380952380959e-01
1.101190476190476164e-01
3.571428571428571230e-02
5.952380952380952051e-03
5.952380952380952051e-03
0.000000000000000000e+00
0.000000000000000000e+00
0.000000000000000000e+00
0.000000000000000000e+00
0.000000000000000000e+00
0.000000000000000000e+00
0.000000000000000000e+00
6.250000000000000000e-02
1.666666666666666574e-01
1.071428571428571369e-01
1.250000000000000000e-01
1.339285714285714246e-01
1.160714285714285754e-01
9.523809523809523281e-02
5.952380952380952051e-02
5.952380952380952051e-02
3.869047619047619180e-02
2.380952380952380820e-02
8.928571428571428076e-03
2.976190476190476025e-03
0.000000000000000000e+00
0.000000000000000000e+00
0.000000000000000000e+00
0.000000000000000000e+00
0.000000000000000000e+00
0.000000000000000000e+00
0.000000000000000000e+00
0.000000000000000000e+00
0.000000000000000000e+00
0.000000000000000000e+00
8.928571428571428076e-03
8.928571428571428076e-03
2.083333333333333218e-02
6.845238095238095899e-02
1.339285714285714246e-01
2.619047619047619180e-01
2.440476190476190410e-01
1.220238095238095205e-01
1.011904761904761918e-01
2.678571428571428423e-02
2.976190476190476025e-03
0.000000000000000000e+00
0.000000000000000000e+00
0.000000000000000000e+00
0.000000000000000000e+00
0.000000000000000000e+00
0.000000000000000000e+00
0.000000000000000000e+00
0.000000000000000000e+00
0.000000000000000000e+00
0.000000000000000000e+00
0.000000000000000000e+00
0.000000000000000000e+00
2.976190476190476025e-03
2.083333333333333218e-02
6.250000000000000000e-02
1.785714285714285754e-01
2.619047619047619180e-01
2.440476190476190410e-01
1.726190476190476164e-01
4.761904761904761640e-02
8.928571428571428076e-03
0.000000000000000000e+00
0.000000000000000000e+00
0.000000000000000000e+00
0.000000000000000000e+00
0.000000000000000000e+00
0.000000000000000000e+00
0.000000000000000000e+00
0.000000000000000000e+00
0.000000000000000000e+00
0.000000000000000000e+00
0.000000000000000000e+00
0.000000000000000000e+00
1.488095238095238013e-02
3.273809523809523975e-02
1.279761904761904656e-01
2.113095238095238082e-01
2.261904761904761918e-01
1.964285714285714246e-01
1.339285714285714246e-01
3.869047619047619180e-02
1.190476190476190410e-02
5.952380952380952051e-03
0.000000000000000000e+00
0.000000000000000000e+00
0.000000000000000000e+00
0.000000000000000000e+00
0.000000000000000000e+00
0.000000000000000000e+00
0.000000000000000000e+00
