1.587301587301587213e-01
0.000000000000000000e+00
0.000000000000000000e+00
0.000000000000000000e+00
2.317460317460317554e-01
0.000000000000000000e+00
0.000000000000000000e+00
0.000000000000000000e+00
2.888888888888888618e-01
0.000000000000000000e+00
0.000000000000000000e+00
1.873015873015873023e-01
0.000000000000000000e+00
0.000000000000000000e+00
0.000000000000000000e+00
0.000000000000000000e+00
1.015873015873015872e-01
0.000000000000000000e+00
0.000000000000000000e+00
0.000000000000000000e+00
3.174603174603174427e-02
5.714285714285714107e-02
0.000000000000000000e+00
0.000000000000000000e+00
0.000000000000000000e+00
1.301587301587301682e-01
0.000000000000000000e+00
0.000000000000000000e+00
0.000000000000000000e+00
2.380952380952380820e-01
0.000000000000000000e+00
0.000000000000000000e+00
2.698412698412698263e-01
0.000000000000000000e+00
0.000000000000000000e+00
0.000000000000000000e+00
0.000000000000000000e+00
2.349206349206349187e-01
0.000000000000000000e+00
0.000000000000000000e+00
0.000000000000000000e+00
6.984126984126984294e-02
1.460317460317460403e-01
0.000000000000000000e+00
0.000000000000000000e+00
0.000000000000000000e+00
3.174603174603174427e-01
0.000000000000000000e+00
0.000000000000000000e+00
0.000000000000000000e+00
2.793650793650793718e-01
0.000000000000000000e+00
0.000000000000000000e+00
1.968253968253968200e-01
0.000000000000000000e+00
0.000000000000000000e+00
0.000000000000000000e+00
0.000000000000000000e+00
5.079365079365079361e-02
0.000000000000000000e+00
0.000000000000000000e+00
0.000000000000000000e+00
9.523809523809524669e-03
2.539682539682539542e-01
0.000000000000000000e+00
0.000000000000000000e+00
0.000000000000000000e+00
3.682539682539682779e-01
0.000000000000000000e+00
0.000000000000000000e+00
0.000000000000000000e+00
2.253968253968254010e-01
0.000000000000000000e+00
0.000000000000000000e+00
1.111111111111111049e-01
0.000000000000000000e+00
0.000000000000000000e+00
0.000000000000000000e+00
0.000000000000000000e+00
4.126984126984126894e-02
0.000000000000000000e+00
0.000000000000000000e+00
0.000000000000000000e+00
0.000000000000000000e+00
5.396825396825397081e-02
0.000000000000000000e+00
0.000000000000000000e+00
0.000000000000000000e+00
2.698412698412698263e-01
0.000000000000000000e+00
0.000000000000000000e+00
0.000000000000000000e+00
3.269841269841269882e-01
0.000000000000000000e+00
0.000000000000000000e+00
2.476190476190476275e-01
0.000000000000000000e+00
0.000000000000000000e+00
0.000000000000000000e+00
0.000000000000000000e+00
7.301587301587302015e-02
0.000000000000000000e+00
0.000000000000000000e+00
0.000000000000000000e+00
2.857142857142857054e-02
1.047619047619047644e-01
0.000000000000000000e+00
0.000000000000000000e+00
0.000000000000000000e+00
2.444444444444444364e-01
0.000000000000000000e+00
0.000000000000000000e+00
0.000000000000000000e+00
3.142857142857142794e-01
0.000000000000000000e+00
0.000000000000000000e+00
2.317460317460317554e-01
0.000000000000000000e+00
0.000000000000000000e+00
0.000000000000000000e+00
0.000000000000000000e+00
9.841269841269841001e-02
0.000000000000000000e+00
0.000000000000000000e+00
0.000000000000000000e+00
6.349206349206349201e-03
1.333333333333333315e-01
0.000000000000000000e+00
0.000000000000000000e+00
0.000000000000000000e+00
1.841269841269841390e-01
0.000000000000000000e+00
0.000000000000000000e+00
0.000000000000000000e+00
2.412698412698412731e-01
0.000000000000000000e+00
0.000000000000000000e+00
2.634920634920634996e-01
0.000000000000000000e+00
0.000000000000000000e+00
0.000000000000000000e+00
0.000000000000000000e+00
1.333333333333333315e-01
0.000000000000000000e+00
0.000000000000000000e+00
0.000000000000000000e+00
4.444444444444444614e-02
1.968253968253968200e-01
0.000000000000000000e+00
0.000000000000000000e+00
0.000000000000000000e+00
3.142857142857142794e-01
0.000000000000000000e+00
0.000000000000000000e+00
0.000000000000000000e+00
2.984126984126984072e-01
0.000000000000000000e+00
0.000000000000000000e+00
1.428571428571428492e-01
0.000000000000000000e+00
0.000000000000000000e+00
0.000000000000000000e+00
0.000000000000000000e+00
4.126984126984126894e-02
0.000000000000000000e+00
0.000000000000000000e+00
0.000000000000000000e+00
6.349206349206349201e-03
1.079365079365079416e-01
0.000000000000000000e+00
0.000000000000000000e+00
0.000000000000000000e+00
3.460317460317460236e-01
0.000000000000000000e+00
0.000000000000000000e+00
0.000000000000000000e+00
3.238095238095238249e-01
0.000000000000000000e+00
0.000000000000000000e+00
1.619047619047619124e-01
0.000000000000000000e+00
0.000000000000000000e+00
0.000000000000000000e+00
0.000000000000000000e+00
5.396825396825397081e-02
0.000000000000000000e+00
0.000000000000000000e+00
0.000000000000000000e+00
6.349206349206349201e-03
9.523809523809523281e-02
0.000000000000000000e+00
0.000000000000000000e+00
0.000000000000000000e+00
2.190476190476190466e-01
0.000000000000000000e+00
0.000000000000000000e+00
0.000000000000000000e+00
3.460317460317460236e-01
0.000000000000000000e+00
0.000000000000000000e+00
2.476190476190476275e-01
0.000000000000000000e+00
0.000000000000000000e+00
0.000000000000000000e+00
0.000000000000000000e+00
7.619047619047619735e-02
0.000000000000000000e+00
0.000000000000000000e+00
0.000000000000000000e+00
1.587301587301587213e-02
7.301587301587302015e-02
0.000000000000000000e+00
0.000000000000000000e+00
0.000000000000000000e+00
2.476190476190476275e-01
0.000000000000000000e+00
0.000000000000000000e+00
0.000000000000000000e+00
3.365079365079365337e-01
0.000000000000000000e+00
0.000000000000000000e+00
2.285714285714285643e-01
0.000000000000000000e+00
0.000000000000000000e+00
0.000000000000000000e+00
0.000000000000000000e+00
9.841269841269841001e-02
0.000000000000000000e+00
0.000000000000000000e+00
0.000000000000000000e+00
1.587301587301587213e-02
9.206349206349206948e-02
0.000000000000000000e+00
0.000000000000000000e+00
0.000000000000000000e+00
2.888888888888888618e-01
0.000000000000000000e+00
0.000000000000000000e+00
0.000000000000000000e+00
3.492063492063491870e-01
0.000000000000000000e+00
0.000000000000000000e+00
1.841269841269841390e-01
0.000000000000000000e+00
0.000000000000000000e+00
0.000000000000000000e+00
0.000000000000000000e+00
7.619047619047619735e-02
0.000000000000000000e+00
0.000000000000000000e+00
0.000000000000000000e+00
9.523809523809524669e-03
