0.000000000000000000e+00
0.000000000000000000e+00
4.761904761904761640e-02
7.619047619047619735e-02
1.746031746031745935e-01
4.126984126984126894e-02
7.619047619047619735e-02
6.349206349206349201e-03
3.809523809523809867e-02
9.841269841269841001e-02
9.523809523809523281e-02
1.269841269841269771e-01
9.206349206349206948e-02
1.047619047619047644e-01
1.904761904761904934e-02
3.174603174603174600e-03
0.000000000000000000e+00
0.000000000000000000e+00
0.000000000000000000e+00
0.000000000000000000e+00
0.000000000000000000e+00
0.000000000000000000e+00
0.000000000000000000e+00
9.206349206349206948e-02
9.841269841269841001e-02
7.301587301587302015e-02
7.301587301587302015e-02
4.126984126984126894e-02
3.492063492063492147e-02
3.809523809523809867e-02
4.444444444444444614e-02
6.031746031746031828e-02
1.587301587301587213e-01
1.142857142857142821e-01
1.269841269841269771e-01
3.492063492063492147e-02
6.349206349206349201e-03
3.174603174603174600e-03
0.000000000000000000e+00
0.000000000000000000e+00
0.000000000000000000e+00
0.000000000000000000e+00
0.000000000000000000e+00
0.000000000000000000e+00
2.349206349206349187e-01
7.619047619047619735e-02
5.396825396825397081e-02
6.031746031746031828e-02
6.349206349206348854e-02
3.174603174603174427e-02
5.079365079365079361e-02
1.174603174603174593e-01
1.047619047619047644e-01
1.650793650793650758e-01
3.174603174603174427e-02
9.523809523809524669e-03
0.000000000000000000e+00
0.000000000000000000e+00
0.000000000000000000e+00
0.000000000000000000e+00
0.000000000000000000e+00
0.000000000000000000e+00
0.000000000000000000e+00
0.000000000000000000e+00
0.000000000000000000e+00
8.253968253968253788e-02
1.111111111111111049e-01
7.619047619047619735e-02
8.253968253968253788e-02
4.761904761904761640e-02
3.174603174603174427e-02
3.809523809523809867e-02
7.936507936507936067e-02
1.047619047619047644e-01
1.587301587301587213e-01
8.888888888888889228e-02
8.888888888888889228e-02
6.349206349206349201e-03
3.174603174603174600e-03
0.000000000000000000e+00
0.000000000000000000e+00
0.000000000000000000e+00
0.000000000000000000e+00
0.000000000000000000e+00
0.000000000000000000e+00
0.000000000000000000e+00
0.000000000000000000e+00
0.000000000000000000e+00
0.000000000000000000e+00
0.000000000000000000e+00
0.000000000000000000e+00
0.000000000000000000e+00
0.000000000000000000e+00
6.349206349206349201e-03
6.349206349206348854e-02
3.523809523809524058e-01
2.444444444444444364e-01
2.793650793650793718e-01
4.126984126984126894e-02
1.269841269841269840e-02
0.000000000000000000e+00
0.000000000000000000e+00
0.000000000000000000e+00
0.000000000000000000e+00
0.000000000000000000e+00
0.000000000000000000e+00
0.000000000000000000e+00
0.000000000000000000e+00
0.000000000000000000e+00
0.000000000000000000e+00
0.000000000000000000e+00
0.000000000000000000e+00
0.000000000000000000e+00
3.174603174603174600e-03
1.079365079365079416e-01
2.634920634920634996e-01
2.984126984126984072e-01
9.206349206349206948e-02
1.777777777777777846e-01
4.444444444444444614e-02
1.269841269841269840e-02
0.000000000000000000e+00
0.000000000000000000e+00
0.000000000000000000e+00
0.000000000000000000e+00
0.000000000000000000e+00
0.000000000000000000e+00
0.000000000000000000e+00
0.000000000000000000e+00
0.000000000000000000e+00
0.000000000000000000e+00
0.000000000000000000e+00
0.000000000000000000e+00
0.000000000000000000e+00
1.587301587301587213e-02
9.841269841269841001e-02
1.809523809523809479e-01
3.809523809523809312e-01
1.777777777777777846e-01
1.428571428571428492e-01
3.174603174603174600e-03
0.000000000000000000e+00
0.000000000000000000e+00
0.000000000000000000e+00
0.000000000000000000e+00
0.000000000000000000e+00
0.000000000000000000e+00
0.000000000000000000e+00
0.000000000000000000e+00
0.000000000000000000e+00
0.000000000000000000e+00
0.000000000000000000e+00
0.000000000000000000e+00
0.000000000000000000e+00
0.000000000000000000e+00
6.349206349206349201e-03
7.301587301587302015e-02
2.031746031746031744e-01
4.222222222222222210e-01
1.333333333333333315e-01
1.523809523809523947e-01
9.523809523809524669e-03
0.000000000000000000e+00
0.000000000000000000e+00
0.000000000000000000e+00
0.000000000000000000e+00
0.000000000000000000e+00
0.000000000000000000e+00
0.000000000000000000e+00
0.000000000000000000e+00
0.000000000000000000e+00
0.000000000000000000e+00
0.000000000000000000e+00
0.000000000000000000e+00
3.174603174603174600e-03
1.269841269841269840e-02
3.809523809523809867e-02
5.714285714285714107e-02
1.269841269841269771e-01
3.428571428571428603e-01
1.428571428571428492e-01
2.380952380952380820e-01
3.174603174603174427e-02
6.349206349206349201e-03
0.000000000000000000e+00
0.000000000000000000e+00
0.000000000000000000e+00
0.000000000000000000e+00
0.000000000000000000e+00
0.000000000000000000e+00
0.000000000000000000e+00
0.000000000000000000e+00
0.000000000000000000e+00
0.000000000000000000e+00
0.000000000000000000e+00
0.000000000000000000e+00
0.000000000000000000e+00
3.174603174603174600e-03
1.587301587301587213e-02
8.888888888888889228e-02
3.460317460317460236e-01
2.095238095238095288e-01
2.761904761904762085e-01
4.761904761904761640e-02
9.523809523809524669e-03
3.174603174603174600e-03
0.000000000000000000e+00
0.000000000000000000e+00
0.000000000000000000e+00
0.000000000000000000e+00
0.000000000000000000e+00
0.000000000000000000e+00
0.000000000000000000e+00
0.000000000000000000e+00
0.000000000000000000e+00
0.000000000000000000e+00
0.000000000000000000e+00
6.349206349206349201e-03
1.904761904761904934e-02
9.523809523809523281e-02
2.349206349206349187e-01
3.746031746031746046e-01
1.206349206349206366e-01
1.428571428571428492e-01
6.349206349206349201e-03
0.000000000000000000e+00
0.000000000000000000e+00
0.000000000000000000e+00
0.000000000000000000e+00
0.000000000000000000e+00
0.000000000000000000e+00
0.000000000000000000e+00
0.000000000000000000e+00
0.000000000000000000e+00
0.000000000000000000e+00
0.000000000000000000e+00
3.174603174603174600e-03
1.587301587301587213e-02
4.444444444444444614e-02
1.174603174603174593e-01
1.936507936507936567e-01
2.571428571428571175e-01
2.857142857142856984e-01
5.714285714285714107e-02
1.904761904761904934e-02
3.174603174603174600e-03
3.174603174603174600e-03
0.000000000000000000e+00
0.000000000000000000e+00
0.000000000000000000e+00
0.000000000000000000e+00
0.000000000000000000e+00
