0.000000000000000000e+00
0.000000000000000000e+00
0.000000000000000000e+00
2.840909090909090988e-03
7.386363636363636742e-02
2.357954545454545581e-01
2.840909090909091161e-01
2.329545454545454419e-01
1.534090909090909116e-01
1.704545454545454419e-02
0.000000000000000000e+00
0.000000000000000000e+00
0.000000000000000000e+00
0.000000000000000000e+00
0.000000000000000000e+00
0.000000000000000000e+00
0.000000000000000000e+00
0.000000000000000000e+00
0.000000000000000000e+00
0.000000000000000000e+00
0.000000000000000000e+00
0.000000000000000000e+00
0.000000000000000000e+00
0.000000000000000000e+00
0.000000000000000000e+00
8.522727272727272096e-03
7.670454545454545581e-02
2.585227272727272929e-01
3.494318181818181768e-01
2.329545454545454419e-01
6.250000000000000000e-02
1.136363636363636395e-02
0.000000000000000000e+00
0.000000000000000000e+00
0.000000000000000000e+00
0.000000000000000000e+00
0.000000000000000000e+00
0.000000000000000000e+00
0.000000000000000000e+00
0.000000000000000000e+00
0.000000000000000000e+00
0.000000000000000000e+00
0.000000000000000000e+00
0.000000000000000000e+00
0.000000000000000000e+00
0.000000000000000000e+00
1.704545454545454419e-02
1.278409090909090884e-01
3.295454545454545303e-01
3.551136363636363535e-01
1.278409090909090884e-01
3.125000000000000000e-02
1.136363636363636395e-02
0.000000000000000000e+00
0.000000000000000000e+00
0.000000000000000000e+00
0.000000000000000000e+00
0.000000000000000000e+00
0.000000000000000000e+00
0.000000000000000000e+00
0.000000000000000000e+00
0.000000000000000000e+00
0.000000000000000000e+00
0.000000000000000000e+00
0.000000000000000000e+00
0.000000000000000000e+00
2.556818181818181976e-02
1.278409090909090884e-01
2.954545454545454697e-01
2.784090909090908839e-01
1.846590909090909116e-01
7.670454545454545581e-02
1.136363636363636395e-02
0.000000000000000000e+00
0.000000000000000000e+00
0.000000000000000000e+00
0.000000000000000000e+00
0.000000000000000000e+00
0.000000000000000000e+00
0.000000000000000000e+00
0.000000000000000000e+00
0.000000000000000000e+00
0.000000000000000000e+00
0.000000000000000000e+00
0.000000000000000000e+00
0.000000000000000000e+00
0.000000000000000000e+00
0.000000000000000000e+00
8.522727272727272096e-03
6.818181818181817677e-02
2.585227272727272929e-01
4.090909090909091161e-01
2.187500000000000000e-01
3.693181818181818371e-02
0.000000000000000000e+00
0.000000000000000000e+00
0.000000000000000000e+00
0.000000000000000000e+00
0.000000000000000000e+00
0.000000000000000000e+00
0.000000000000000000e+00
0.000000000000000000e+00
0.000000000000000000e+00
0.000000000000000000e+00
0.000000000000000000e+00
0.000000000000000000e+00
0.000000000000000000e+00
0.000000000000000000e+00
0.000000000000000000e+00
0.000000000000000000e+00
5.681818181818181976e-03
1.164772727272727210e-01
3.977272727272727071e-01
3.551136363636363535e-01
1.051136363636363674e-01
1.704545454545454419e-02
2.840909090909090988e-03
0.000000000000000000e+00
0.000000000000000000e+00
0.000000000000000000e+00
0.000000000000000000e+00
0.000000000000000000e+00
0.000000000000000000e+00
0.000000000000000000e+00
0.000000000000000000e+00
0.000000000000000000e+00
0.000000000000000000e+00
0.000000000000000000e+00
0.000000000000000000e+00
0.000000000000000000e+00
0.000000000000000000e+00
1.420454545454545407e-02
8.238636363636363258e-02
3.323863636363636465e-01
3.892045454545454697e-01
1.732954545454545581e-01
5.681818181818181976e-03
2.840909090909090988e-03
0.000000000000000000e+00
0.000000000000000000e+00
0.000000000000000000e+00
0.000000000000000000e+00
0.000000000000000000e+00
0.000000000000000000e+00
0.000000000000000000e+00
0.000000000000000000e+00
0.000000000000000000e+00
0.000000000000000000e+00
0.000000000000000000e+00
0.000000000000000000e+00
0.000000000000000000e+00
1.704545454545454419e-02
8.238636363636363258e-02
2.471590909090909116e-01
3.551136363636363535e-01
1.988636363636363535e-01
7.954545454545454419e-02
1.988636363636363605e-02
0.000000000000000000e+00
0.000000000000000000e+00
0.000000000000000000e+00
0.000000000000000000e+00
0.000000000000000000e+00
0.000000000000000000e+00
0.000000000000000000e+00
0.000000000000000000e+00
0.000000000000000000e+00
0.000000000000000000e+00
0.000000000000000000e+00
0.000000000000000000e+00
0.000000000000000000e+00
0.000000000000000000e+00
1.704545454545454419e-02
1.420454545454545581e-01
2.642045454545454697e-01
3.210227272727272929e-01
1.789772727272727348e-01
6.250000000000000000e-02
1.420454545454545407e-02
0.000000000000000000e+00
0.000000000000000000e+00
0.000000000000000000e+00
0.000000000000000000e+00
0.000000000000000000e+00
0.000000000000000000e+00
0.000000000000000000e+00
0.000000000000000000e+00
0.000000000000000000e+00
0.000000000000000000e+00
0.000000000000000000e+00
0.000000000000000000e+00
0.000000000000000000e+00
0.000000000000000000e+00
0.000000000000000000e+00
2.840909090909090988e-03
1.420454545454545581e-01
3.636363636363636465e-01
3.238636363636363535e-01
1.278409090909090884e-01
3.977272727272727210e-02
0.000000000000000000e+00
0.000000000000000000e+00
0.000000000000000000e+00
0.000000000000000000e+00
0.000000000000000000e+00
0.000000000000000000e+00
0.000000000000000000e+00
0.000000000000000000e+00
0.000000000000000000e+00
0.000000000000000000e+00
0.000000000000000000e+00
0.000000000000000000e+00
0.000000000000000000e+00
0.000000000000000000e+00
0.000000000000000000e+00
0.000000000000000000e+00
4.545454545454545581e-02
2.215909090909090884e-01
4.147727272727272929e-01
2.443181818181818232e-01
5.965909090909091161e-02
1.420454545454545407e-02
0.000000000000000000e+00
0.000000000000000000e+00
0.000000000000000000e+00
0.000000000000000000e+00
0.000000000000000000e+00
0.000000000000000000e+00
0.000000000000000000e+00
0.000000000000000000e+00
0.000000000000000000e+00
0.000000000000000000e+00
0.000000000000000000e+00
0.000000000000000000e+00
0.000000000000000000e+00
1.704545454545454419e-02
7.670454545454545581e-02
1.846590909090909116e-01
2.755681818181818232e-01
2.727272727272727071e-01
1.335227272727272652e-01
3.125000000000000000e-02
8.522727272727272096e-03
0.000000000000000000e+00
0.000000000000000000e+00
0.000000000000000000e+00
0.000000000000000000e+00
0.000000000000000000e+00
0.000000000000000000e+00
0.000000000000000000e+00
0.000000000000000000e+00
0.000000000000000000e+00
0.000000000000000000e+00
2.840909090909090988e-03
1.988636363636363605e-02
5.113636363636363952e-02
9.375000000000000000e-02
1.931818181818181768e-01
3.522727272727272929e-01
2.159090909090909116e-01
6.250000000000000000e-02
8.522727272727272096e-03
0.000000000000000000e+00
0.000000000000000000e+00
0.000000000000000000e+00
0.000000000000000000e+00
0.000000000000000000e+00
0.000000000000000000e+00
0.000000000000000000e+00
0.000000000000000000e+00
0.000000000000000000e+00
0.000000000000000000e+00
0.000000000000000000e+00
0.000000000000000000e+00
0.000000000000000000e+00
0.000000000000000000e+00
0.000000000000000000e+00
0.000000000000000000e+00
5.113636363636363952e-02
2.585227272727272929e-01
4.147727272727272929e-01
1.931818181818181768e-01
7.386363636363636742e-02
5.681818181818181976e-03
2.840909090909090988e-03
0.000000000000000000e+00
0.000000000000000000e+00
0.000000000000000000e+00
0.000000000000000000e+00
0.000000000000000000e+00
0.000000000000000000e+00
0.000000000000000000e+00
0.000000000000000000e+00
0.000000000000000000e+00
0.000000000000000000e+00
0.000000000000000000e+00
0.000000000000000000e+00
0.000000000000000000e+00
8.522727272727272096e-03
5.113636363636363952e-02
1.988636363636363535e-01
3.465909090909091161e-01
2.784090909090908839e-01
1.022727272727272790e-01
1.420454545454545407e-02
0.000000000000000000e+00
0.000000000000000000e+00
0.000000000000000000e+00
0.000000000000000000e+00
0.000000000000000000e+00
0.000000000000000000e+00
0.000000000000000000e+00
0.000000000000000000e+00
0.000000000000000000e+00
0.000000000000000000e+00
0.000000000000000000e+00
0.000000000000000000e+00
0.000000000000000000e+00
1.988636363636363605e-02
7.954545454545454419e-02
2.017045454545454419e-01
3.181818181818181768e-01
2.471590909090909116e-01
1.136363636363636326e-01
1.988636363636363605e-02
0.000000000000000000e+00
0.000000000000000000e+00
0.000000000000000000e+00
0.000000000000000000e+00
0.000000000000000000e+00
0.000000000000000000e+00
0.000000000000000000e+00
0.000000000000000000e+00
0.000000000000000000e+00
0.000000000000000000e+00
0.000000000000000000e+00
