0.000000000000000000e+00
4.761904761904762334e-03
5.714285714285714107e-02
2.095238095238095288e-01
3.142857142857142794e-01
2.714285714285714080e-01
8.571428571428571508e-02
4.761904761904761640e-02
9.523809523809524669e-03
0.000000000000000000e+00
0.000000000000000000e+00
0.000000000000000000e+00
0.000000000000000000e+00
0.000000000000000000e+00
0.000000000000000000e+00
0.000000000000000000e+00
0.000000000000000000e+00
0.000000000000000000e+00
0.000000000000000000e+00
0.000000000000000000e+00
0.000000000000000000e+00
1.904761904761904934e-02
1.285714285714285587e-01
2.904761904761904989e-01
3.285714285714285698e-01
1.476190476190476220e-01
8.095238095238095621e-02
4.761904761904762334e-03
0.000000000000000000e+00
0.000000000000000000e+00
0.000000000000000000e+00
0.000000000000000000e+00
0.000000000000000000e+00
0.000000000000000000e+00
0.000000000000000000e+00
0.000000000000000000e+00
0.000000000000000000e+00
0.000000000000000000e+00
0.000000000000000000e+00
0.000000000000000000e+00
0.000000000000000000e+00
0.000000000000000000e+00
0.000000000000000000e+00
8.095238095238095621e-02
3.619047619047618958e-01
3.285714285714285698e-01
1.857142857142857206e-01
3.809523809523809867e-02
0.000000000000000000e+00
4.761904761904762334e-03
0.000000000000000000e+00
0.000000000000000000e+00
0.000000000000000000e+00
0.000000000000000000e+00
0.000000000000000000e+00
0.000000000000000000e+00
0.000000000000000000e+00
0.000000000000000000e+00
0.000000000000000000e+00
0.000000000000000000e+00
0.000000000000000000e+00
0.000000000000000000e+00
0.000000000000000000e+00
0.000000000000000000e+00
4.761904761904762334e-03
4.285714285714285754e-02
1.285714285714285587e-01
3.142857142857142794e-01
2.952380952380952439e-01
1.285714285714285587e-01
8.571428571428571508e-02
0.000000000000000000e+00
0.000000000000000000e+00
0.000000000000000000e+00
0.000000000000000000e+00
0.000000000000000000e+00
0.000000000000000000e+00
0.000000000000000000e+00
0.000000000000000000e+00
0.000000000000000000e+00
0.000000000000000000e+00
0.000000000000000000e+00
0.000000000000000000e+00
0.000000000000000000e+00
0.000000000000000000e+00
0.000000000000000000e+00
4.285714285714285754e-02
1.238095238095238138e-01
3.190476190476190244e-01
3.095238095238095344e-01
1.047619047619047644e-01
7.619047619047619735e-02
1.904761904761904934e-02
4.761904761904762334e-03
0.000000000000000000e+00
0.000000000000000000e+00
0.000000000000000000e+00
0.000000000000000000e+00
0.000000000000000000e+00
0.000000000000000000e+00
0.000000000000000000e+00
0.000000000000000000e+00
0.000000000000000000e+00
0.000000000000000000e+00
0.000000000000000000e+00
0.000000000000000000e+00
1.428571428571428527e-02
8.571428571428571508e-02
2.619047619047619180e-01
2.190476190476190466e-01
2.000000000000000111e-01
1.238095238095238138e-01
8.571428571428571508e-02
9.523809523809524669e-03
0.000000000000000000e+00
0.000000000000000000e+00
0.000000000000000000e+00
0.000000000000000000e+00
0.000000000000000000e+00
0.000000000000000000e+00
0.000000000000000000e+00
0.000000000000000000e+00
0.000000000000000000e+00
0.000000000000000000e+00
0.000000000000000000e+00
0.000000000000000000e+00
0.000000000000000000e+00
2.380952380952380820e-02
5.714285714285714107e-02
1.761904761904762029e-01
2.380952380952380820e-01
2.999999999999999889e-01
1.333333333333333315e-01
6.190476190476190688e-02
4.761904761904762334e-03
4.761904761904762334e-03
0.000000000000000000e+00
0.000000000000000000e+00
0.000000000000000000e+00
0.000000000000000000e+00
0.000000000000000000e+00
0.000000000000000000e+00
0.000000000000000000e+00
0.000000000000000000e+00
0.000000000000000000e+00
0.000000000000000000e+00
0.000000000000000000e+00
0.000000000000000000e+00
0.000000000000000000e+00
1.428571428571428527e-02
8.095238095238095621e-02
1.523809523809523947e-01
2.619047619047619180e-01
2.619047619047619180e-01
1.904761904761904656e-01
2.857142857142857054e-02
9.523809523809524669e-03
0.000000000000000000e+00
0.000000000000000000e+00
0.000000000000000000e+00
0.000000000000000000e+00
0.000000000000000000e+00
0.000000000000000000e+00
0.000000000000000000e+00
0.000000000000000000e+00
0.000000000000000000e+00
0.000000000000000000e+00
0.000000000000000000e+00
0.000000000000000000e+00
0.000000000000000000e+00
1.904761904761904934e-02
5.714285714285714107e-02
1.809523809523809479e-01
2.285714285714285643e-01
2.047619047619047561e-01
1.714285714285714302e-01
6.666666666666666574e-02
6.666666666666666574e-02
4.761904761904762334e-03
0.000000000000000000e+00
0.000000000000000000e+00
0.000000000000000000e+00
0.000000000000000000e+00
0.000000000000000000e+00
0.000000000000000000e+00
0.000000000000000000e+00
0.000000000000000000e+00
0.000000000000000000e+00
0.000000000000000000e+00
0.000000000000000000e+00
0.000000000000000000e+00
5.238095238095238221e-02
2.047619047619047561e-01
1.761904761904762029e-01
2.238095238095238193e-01
1.380952380952381042e-01
1.238095238095238138e-01
5.238095238095238221e-02
2.857142857142857054e-02
0.000000000000000000e+00
0.000000000000000000e+00
0.000000000000000000e+00
0.000000000000000000e+00
0.000000000000000000e+00
0.000000000000000000e+00
0.000000000000000000e+00
0.000000000000000000e+00
0.000000000000000000e+00
0.000000000000000000e+00
0.000000000000000000e+00
0.000000000000000000e+00
0.000000000000000000e+00
1.904761904761904934e-02
2.857142857142857054e-02
5.238095238095238221e-02
1.285714285714285587e-01
1.904761904761904656e-01
1.380952380952381042e-01
2.047619047619047561e-01
1.095238095238095233e-01
1.190476190476190410e-01
9.523809523809524669e-03
0.000000000000000000e+00
0.000000000000000000e+00
0.000000000000000000e+00
0.000000000000000000e+00
0.000000000000000000e+00
0.000000000000000000e+00
0.000000000000000000e+00
0.000000000000000000e+00
0.000000000000000000e+00
0.000000000000000000e+00
0.000000000000000000e+00
0.000000000000000000e+00
0.000000000000000000e+00
0.000000000000000000e+00
0.000000000000000000e+00
9.523809523809524669e-03
3.809523809523809867e-02
1.380952380952381042e-01
1.761904761904762029e-01
3.380952380952381153e-01
2.095238095238095288e-01
7.142857142857142461e-02
1.904761904761904934e-02
0.000000000000000000e+00
0.000000000000000000e+00
0.000000000000000000e+00
0.000000000000000000e+00
0.000000000000000000e+00
0.000000000000000000e+00
0.000000000000000000e+00
0.000000000000000000e+00
0.000000000000000000e+00
0.000000000000000000e+00
0.000000000000000000e+00
4.761904761904762334e-03
9.523809523809524669e-03
5.714285714285714107e-02
1.952380952380952384e-01
2.761904761904762085e-01
1.904761904761904656e-01
2.142857142857142738e-01
3.809523809523809867e-02
1.428571428571428527e-02
0.000000000000000000e+00
0.000000000000000000e+00
0.000000000000000000e+00
0.000000000000000000e+00
0.000000000000000000e+00
0.000000000000000000e+00
0.000000000000000000e+00
0.000000000000000000e+00
0.000000000000000000e+00
0.000000000000000000e+00
0.000000000000000000e+00
1.904761904761904934e-02
9.523809523809523281e-02
1.047619047619047644e-01
1.476190476190476220e-01
1.904761904761904656e-01
1.714285714285714302e-01
1.380952380952381042e-01
9.047619047619047394e-02
2.857142857142857054e-02
9.523809523809524669e-03
0.000000000000000000e+00
4.761904761904762334e-03
0.000000000000000000e+00
0.000000000000000000e+00
0.000000000000000000e+00
0.000000000000000000e+00
0.000000000000000000e+00
0.000000000000000000e+00
0.000000000000000000e+00
0.000000000000000000e+00
0.000000000000000000e+00
0.000000000000000000e+00
1.904761904761904934e-02
1.428571428571428527e-02
5.714285714285714107e-02
6.666666666666666574e-02
6.666666666666666574e-02
1.142857142857142821e-01
2.285714285714285643e-01
1.285714285714285587e-01
1.666666666666666574e-01
8.571428571428571508e-02
4.761904761904761640e-02
4.761904761904762334e-03
0.000000000000000000e+00
0.000000000000000000e+00
0.000000000000000000e+00
0.000000000000000000e+00
0.000000000000000000e+00
0.000000000000000000e+00
0.000000000000000000e+00
0.000000000000000000e+00
0.000000000000000000e+00
0.000000000000000000e+00
0.000000000000000000e+00
4.761904761904762334e-03
4.761904761904762334e-03
3.333333333333333287e-02
5.238095238095238221e-02
2.190476190476190466e-01
2.809523809523809534e-01
2.095238095238095288e-01
1.285714285714285587e-01
5.714285714285714107e-02
9.523809523809524669e-03
0.000000000000000000e+00
0.000000000000000000e+00
0.000000000000000000e+00
0.000000000000000000e+00
0.000000000000000000e+00
