0.000000000000000000e+00
0.000000000000000000e+00
1.904761904761904934e-02
0.000000000000000000e+00
4.126984126984126894e-02
0.000000000000000000e+00
1.174603174603174593e-01
0.000000000000000000e+00
2.412698412698412731e-01
0.000000000000000000e+00
0.000000000000000000e+00
3.015873015873015706e-01
0.000000000000000000e+00
1.841269841269841390e-01
0.000000000000000000e+00
7.619047619047619735e-02
0.000000000000000000e+00
1.904761904761904934e-02
0.000000000000000000e+00
0.000000000000000000e+00
0.000000000000000000e+00
0.000000000000000000e+00
0.000000000000000000e+00
9.523809523809524669e-03
0.000000000000000000e+00
4.761904761904761640e-02
0.000000000000000000e+00
9.206349206349206948e-02
0.000000000000000000e+00
2.539682539682539542e-01
0.000000000000000000e+00
0.000000000000000000e+00
2.952380952380952439e-01
0.000000000000000000e+00
2.000000000000000111e-01
0.000000000000000000e+00
6.984126984126984294e-02
0.000000000000000000e+00
2.857142857142857054e-02
0.000000000000000000e+00
0.000000000000000000e+00
3.174603174603174600e-03
0.000000000000000000e+00
0.000000000000000000e+00
6.349206349206349201e-03
0.000000000000000000e+00
5.079365079365079361e-02
0.000000000000000000e+00
1.206349206349206366e-01
0.000000000000000000e+00
2.285714285714285643e-01
0.000000000000000000e+00
0.000000000000000000e+00
2.761904761904762085e-01
0.000000000000000000e+00
2.158730158730158832e-01
0.000000000000000000e+00
8.571428571428571508e-02
0.000000000000000000e+00
1.587301587301587213e-02
0.000000000000000000e+00
0.000000000000000000e+00
0.000000000000000000e+00
0.000000000000000000e+00
0.000000000000000000e+00
9.523809523809524669e-03
0.000000000000000000e+00
6.666666666666666574e-02
0.000000000000000000e+00
1.428571428571428492e-01
0.000000000000000000e+00
2.825396825396825351e-01
0.000000000000000000e+00
0.000000000000000000e+00
2.984126984126984072e-01
0.000000000000000000e+00
1.428571428571428492e-01
0.000000000000000000e+00
5.079365079365079361e-02
0.000000000000000000e+00
6.349206349206349201e-03
0.000000000000000000e+00
0.000000000000000000e+00
0.000000000000000000e+00
3.174603174603174600e-03
0.000000000000000000e+00
5.714285714285714107e-02
0.000000000000000000e+00
2.285714285714285643e-01
0.000000000000000000e+00
2.603174603174603363e-01
0.000000000000000000e+00
2.190476190476190466e-01
0.000000000000000000e+00
0.000000000000000000e+00
1.523809523809523947e-01
0.000000000000000000e+00
6.666666666666666574e-02
0.000000000000000000e+00
1.269841269841269840e-02
0.000000000000000000e+00
0.000000000000000000e+00
0.000000000000000000e+00
0.000000000000000000e+00
0.000000000000000000e+00
0.000000000000000000e+00
0.000000000000000000e+00
3.174603174603174427e-02
0.000000000000000000e+00
1.079365079365079416e-01
0.000000000000000000e+00
1.492063492063492036e-01
0.000000000000000000e+00
2.984126984126984072e-01
0.000000000000000000e+00
0.000000000000000000e+00
2.444444444444444364e-01
0.000000000000000000e+00
1.206349206349206366e-01
0.000000000000000000e+00
3.492063492063492147e-02
0.000000000000000000e+00
6.349206349206349201e-03
0.000000000000000000e+00
0.000000000000000000e+00
6.349206349206349201e-03
1.269841269841269840e-02
0.000000000000000000e+00
4.761904761904761640e-02
0.000000000000000000e+00
1.365079365079364948e-01
0.000000000000000000e+00
2.222222222222222099e-01
0.000000000000000000e+00
2.507936507936507908e-01
0.000000000000000000e+00
0.000000000000000000e+00
2.031746031746031744e-01
0.000000000000000000e+00
8.571428571428571508e-02
0.000000000000000000e+00
3.492063492063492147e-02
0.000000000000000000e+00
6.349206349206349201e-03
0.000000000000000000e+00
0.000000000000000000e+00
0.000000000000000000e+00
0.000000000000000000e+00
0.000000000000000000e+00
1.904761904761904934e-02
0.000000000000000000e+00
1.015873015873015872e-01
0.000000000000000000e+00
2.603174603174603363e-01
0.000000000000000000e+00
3.333333333333333148e-01
0.000000000000000000e+00
0.000000000000000000e+00
2.063492063492063378e-01
0.000000000000000000e+00
7.619047619047619735e-02
0.000000000000000000e+00
3.174603174603174600e-03
0.000000000000000000e+00
0.000000000000000000e+00
0.000000000000000000e+00
0.000000000000000000e+00
0.000000000000000000e+00
1.142857142857142821e-01
0.000000000000000000e+00
3.238095238095238249e-01
0.000000000000000000e+00
2.571428571428571175e-01
0.000000000000000000e+00
1.873015873015873023e-01
0.000000000000000000e+00
9.841269841269841001e-02
0.000000000000000000e+00
0.000000000000000000e+00
1.904761904761904934e-02
0.000000000000000000e+00
0.000000000000000000e+00
0.000000000000000000e+00
0.000000000000000000e+00
0.000000000000000000e+00
0.000000000000000000e+00
0.000000000000000000e+00
0.000000000000000000e+00
0.000000000000000000e+00
4.761904761904761640e-02
0.000000000000000000e+00
1.841269841269841390e-01
0.000000000000000000e+00
2.888888888888888618e-01
0.000000000000000000e+00
2.571428571428571175e-01
0.000000000000000000e+00
1.365079365079364948e-01
0.000000000000000000e+00
0.000000000000000000e+00
6.666666666666666574e-02
0.000000000000000000e+00
1.587301587301587213e-02
0.000000000000000000e+00
3.174603174603174600e-03
0.000000000000000000e+00
0.000000000000000000e+00
0.000000000000000000e+00
0.000000000000000000e+00
0.000000000000000000e+00
2.539682539682539680e-02
0.000000000000000000e+00
1.714285714285714302e-01
0.000000000000000000e+00
2.317460317460317554e-01
0.000000000000000000e+00
2.698412698412698263e-01
0.000000000000000000e+00
1.936507936507936567e-01
0.000000000000000000e+00
0.000000000000000000e+00
6.984126984126984294e-02
0.000000000000000000e+00
3.492063492063492147e-02
0.000000000000000000e+00
3.174603174603174600e-03
0.000000000000000000e+00
0.000000000000000000e+00
0.000000000000000000e+00
0.000000000000000000e+00
0.000000000000000000e+00
9.523809523809524669e-03
0.000000000000000000e+00
1.142857142857142821e-01
0.000000000000000000e+00
2.920634920634920806e-01
0.000000000000000000e+00
2.984126984126984072e-01
0.000000000000000000e+00
2.222222222222222099e-01
0.000000000000000000e+00
0.000000000000000000e+00
5.079365079365079361e-02
0.000000000000000000e+00
1.269841269841269840e-02
0.000000000000000000e+00
0.000000000000000000e+00
0.000000000000000000e+00
0.000000000000000000e+00
0.000000000000000000e+00
0.000000000000000000e+00
0.000000000000000000e+00
