4.507936507936508019e-01
2.317460317460317554e-01
0.000000000000000000e+00
1.523809523809523947e-01
0.000000000000000000e+00
6.666666666666666574e-02
0.000000000000000000e+00
9.523809523809523281e-02
0.000000000000000000e+00
3.174603174603174600e-03
0.000000000000000000e+00
0.000000000000000000e+00
0.000000000000000000e+00
0.000000000000000000e+00
0.000000000000000000e+00
0.000000000000000000e+00
0.000000000000000000e+00
0.000000000000000000e+00
0.000000000000000000e+00
0.000000000000000000e+00
0.000000000000000000e+00
1.206349206349206366e-01
4.634920634920635107e-01
0.000000000000000000e+00
3.523809523809524058e-01
0.000000000000000000e+00
6.349206349206348854e-02
0.000000000000000000e+00
0.000000000000000000e+00
0.000000000000000000e+00
0.000000000000000000e+00
0.000000000000000000e+00
0.000000000000000000e+00
0.000000000000000000e+00
0.000000000000000000e+00
0.000000000000000000e+00
0.000000000000000000e+00
0.000000000000000000e+00
0.000000000000000000e+00
0.000000000000000000e+00
0.000000000000000000e+00
0.000000000000000000e+00
1.460317460317460403e-01
3.714285714285714413e-01
0.000000000000000000e+00
4.666666666666666741e-01
0.000000000000000000e+00
1.587301587301587213e-02
0.000000000000000000e+00
0.000000000000000000e+00
0.000000000000000000e+00
0.000000000000000000e+00
0.000000000000000000e+00
0.000000000000000000e+00
0.000000000000000000e+00
0.000000000000000000e+00
0.000000000000000000e+00
0.000000000000000000e+00
0.000000000000000000e+00
0.000000000000000000e+00
0.000000000000000000e+00
0.000000000000000000e+00
0.000000000000000000e+00
1.873015873015873023e-01
3.111111111111111160e-01
0.000000000000000000e+00
4.000000000000000222e-01
0.000000000000000000e+00
1.015873015873015872e-01
0.000000000000000000e+00
0.000000000000000000e+00
0.000000000000000000e+00
0.000000000000000000e+00
0.000000000000000000e+00
0.000000000000000000e+00
0.000000000000000000e+00
0.000000000000000000e+00
0.000000000000000000e+00
0.000000000000000000e+00
0.000000000000000000e+00
0.000000000000000000e+00
0.000000000000000000e+00
0.000000000000000000e+00
0.000000000000000000e+00
0.000000000000000000e+00
2.857142857142857054e-02
0.000000000000000000e+00
1.365079365079364948e-01
0.000000000000000000e+00
2.380952380952380820e-01
0.000000000000000000e+00
1.936507936507936567e-01
0.000000000000000000e+00
1.428571428571428492e-01
1.492063492063492036e-01
0.000000000000000000e+00
7.619047619047619735e-02
0.000000000000000000e+00
3.174603174603174427e-02
0.000000000000000000e+00
3.174603174603174600e-03
0.000000000000000000e+00
0.000000000000000000e+00
0.000000000000000000e+00
0.000000000000000000e+00
5.714285714285714107e-02
5.079365079365079361e-02
0.000000000000000000e+00
6.349206349206348854e-02
0.000000000000000000e+00
1.079365079365079416e-01
0.000000000000000000e+00
1.619047619047619124e-01
0.000000000000000000e+00
2.285714285714285643e-01
1.523809523809523947e-01
0.000000000000000000e+00
1.238095238095238138e-01
0.000000000000000000e+00
4.761904761904761640e-02
0.000000000000000000e+00
6.349206349206349201e-03
0.000000000000000000e+00
0.000000000000000000e+00
0.000000000000000000e+00
0.000000000000000000e+00
1.015873015873015872e-01
2.095238095238095288e-01
0.000000000000000000e+00
3.111111111111111160e-01
0.000000000000000000e+00
1.365079365079364948e-01
0.000000000000000000e+00
9.206349206349206948e-02
0.000000000000000000e+00
4.761904761904761640e-02
4.126984126984126894e-02
0.000000000000000000e+00
2.857142857142857054e-02
0.000000000000000000e+00
1.587301587301587213e-02
0.000000000000000000e+00
1.269841269841269840e-02
0.000000000000000000e+00
3.174603174603174600e-03
0.000000000000000000e+00
0.000000000000000000e+00
2.222222222222222307e-02
3.174603174603174427e-02
0.000000000000000000e+00
1.904761904761904656e-01
0.000000000000000000e+00
3.238095238095238249e-01
0.000000000000000000e+00
3.111111111111111160e-01
0.000000000000000000e+00
9.523809523809523281e-02
2.539682539682539680e-02
0.000000000000000000e+00
0.000000000000000000e+00
0.000000000000000000e+00
0.000000000000000000e+00
0.000000000000000000e+00
0.000000000000000000e+00
0.000000000000000000e+00
0.000000000000000000e+00
0.000000000000000000e+00
0.000000000000000000e+00
0.000000000000000000e+00
0.000000000000000000e+00
0.000000000000000000e+00
1.904761904761904934e-02
0.000000000000000000e+00
6.031746031746031828e-02
0.000000000000000000e+00
1.301587301587301682e-01
0.000000000000000000e+00
2.539682539682539542e-01
2.031746031746031744e-01
0.000000000000000000e+00
1.682539682539682668e-01
0.000000000000000000e+00
1.174603174603174593e-01
0.000000000000000000e+00
4.126984126984126894e-02
0.000000000000000000e+00
6.349206349206349201e-03
0.000000000000000000e+00
0.000000000000000000e+00
0.000000000000000000e+00
0.000000000000000000e+00
0.000000000000000000e+00
0.000000000000000000e+00
0.000000000000000000e+00
1.587301587301587213e-02
0.000000000000000000e+00
7.936507936507936067e-02
0.000000000000000000e+00
1.777777777777777846e-01
2.476190476190476275e-01
0.000000000000000000e+00
1.968253968253968200e-01
0.000000000000000000e+00
1.555555555555555580e-01
0.000000000000000000e+00
9.523809523809523281e-02
0.000000000000000000e+00
2.857142857142857054e-02
0.000000000000000000e+00
3.174603174603174600e-03
0.000000000000000000e+00
3.174603174603174600e-03
0.000000000000000000e+00
0.000000000000000000e+00
0.000000000000000000e+00
6.031746031746031828e-02
0.000000000000000000e+00
1.079365079365079416e-01
0.000000000000000000e+00
1.809523809523809479e-01
2.253968253968254010e-01
0.000000000000000000e+00
2.000000000000000111e-01
0.000000000000000000e+00
1.301587301587301682e-01
0.000000000000000000e+00
7.619047619047619735e-02
0.000000000000000000e+00
9.523809523809524669e-03
0.000000000000000000e+00
6.349206349206349201e-03
0.000000000000000000e+00
3.174603174603174600e-03
0.000000000000000000e+00
1.904761904761904934e-02
0.000000000000000000e+00
3.174603174603174427e-02
0.000000000000000000e+00
1.365079365079364948e-01
0.000000000000000000e+00
2.412698412698412731e-01
2.444444444444444364e-01
0.000000000000000000e+00
2.126984126984126922e-01
0.000000000000000000e+00
9.841269841269841001e-02
0.000000000000000000e+00
9.523809523809524669e-03
0.000000000000000000e+00
3.174603174603174600e-03
0.000000000000000000e+00
0.000000000000000000e+00
