1.587301587301587213e-02
0.000000000000000000e+00
1.301587301587301682e-01
0.000000000000000000e+00
2.222222222222222099e-01
0.000000000000000000e+00
2.857142857142856984e-01
0.000000000000000000e+00
1.936507936507936567e-01
0.000000000000000000e+00
0.000000000000000000e+00
1.142857142857142821e-01
0.000000000000000000e+00
2.857142857142857054e-02
0.000000000000000000e+00
9.523809523809524669e-03
0.000000000000000000e+00
0.000000000000000000e+00
0.000000000000000000e+00
0.000000000000000000e+00
0.000000000000000000e+00
7.936507936507936067e-02
0.000000000000000000e+00
1.555555555555555580e-01
0.000000000000000000e+00
2.952380952380952439e-01
0.000000000000000000e+00
2.380952380952380820e-01
0.000000000000000000e+00
1.714285714285714302e-01
0.000000000000000000e+00
0.000000000000000000e+00
4.761904761904761640e-02
0.000000000000000000e+00
9.523809523809524669e-03
0.000000000000000000e+00
3.174603174603174600e-03
0.000000000000000000e+00
0.000000000000000000e+00
0.000000000000000000e+00
0.000000000000000000e+00
0.000000000000000000e+00
6.349206349206349201e-03
0.000000000000000000e+00
5.396825396825397081e-02
0.000000000000000000e+00
1.968253968253968200e-01
0.000000000000000000e+00
2.571428571428571175e-01
0.000000000000000000e+00
2.539682539682539542e-01
0.000000000000000000e+00
0.000000000000000000e+00
1.428571428571428492e-01
0.000000000000000000e+00
6.984126984126984294e-02
0.000000000000000000e+00
1.904761904761904934e-02
0.000000000000000000e+00
0.000000000000000000e+00
0.000000000000000000e+00
0.000000000000000000e+00
0.000000000000000000e+00
3.174603174603174600e-03
0.000000000000000000e+00
5.079365079365079361e-02
0.000000000000000000e+00
1.142857142857142821e-01
0.000000000000000000e+00
2.507936507936507908e-01
0.000000000000000000e+00
2.698412698412698263e-01
0.000000000000000000e+00
0.000000000000000000e+00
1.523809523809523947e-01
0.000000000000000000e+00
1.269841269841269771e-01
0.000000000000000000e+00
2.539682539682539680e-02
0.000000000000000000e+00
6.349206349206349201e-03
0.000000000000000000e+00
0.000000000000000000e+00
0.000000000000000000e+00
6.349206349206349201e-03
0.000000000000000000e+00
1.269841269841269771e-01
0.000000000000000000e+00
2.063492063492063378e-01
0.000000000000000000e+00
3.206349206349206615e-01
0.000000000000000000e+00
2.190476190476190466e-01
0.000000000000000000e+00
0.000000000000000000e+00
8.571428571428571508e-02
0.000000000000000000e+00
2.857142857142857054e-02
0.000000000000000000e+00
6.349206349206349201e-03
0.000000000000000000e+00
0.000000000000000000e+00
0.000000000000000000e+00
0.000000000000000000e+00
0.000000000000000000e+00
1.269841269841269840e-02
0.000000000000000000e+00
6.666666666666666574e-02
0.000000000000000000e+00
2.126984126984126922e-01
0.000000000000000000e+00
2.634920634920634996e-01
0.000000000000000000e+00
2.507936507936507908e-01
0.000000000000000000e+00
0.000000000000000000e+00
1.365079365079364948e-01
0.000000000000000000e+00
4.761904761904761640e-02
0.000000000000000000e+00
9.523809523809524669e-03
0.000000000000000000e+00
0.000000000000000000e+00
0.000000000000000000e+00
0.000000000000000000e+00
0.000000000000000000e+00
1.904761904761904934e-02
0.000000000000000000e+00
6.349206349206348854e-02
0.000000000000000000e+00
2.000000000000000111e-01
0.000000000000000000e+00
3.047619047619047894e-01
0.000000000000000000e+00
2.190476190476190466e-01
0.000000000000000000e+00
0.000000000000000000e+00
1.619047619047619124e-01
0.000000000000000000e+00
2.857142857142857054e-02
0.000000000000000000e+00
3.174603174603174600e-03
0.000000000000000000e+00
0.000000000000000000e+00
0.000000000000000000e+00
0.000000000000000000e+00
0.000000000000000000e+00
1.587301587301587213e-02
0.000000000000000000e+00
3.492063492063492147e-02
0.000000000000000000e+00
1.523809523809523947e-01
0.000000000000000000e+00
2.285714285714285643e-01
0.000000000000000000e+00
2.285714285714285643e-01
0.000000000000000000e+00
0.000000000000000000e+00
2.095238095238095288e-01
0.000000000000000000e+00
1.047619047619047644e-01
0.000000000000000000e+00
2.539682539682539680e-02
0.000000000000000000e+00
0.000000000000000000e+00
0.000000000000000000e+00
0.000000000000000000e+00
0.000000000000000000e+00
3.174603174603174600e-03
0.000000000000000000e+00
5.079365079365079361e-02
0.000000000000000000e+00
6.666666666666666574e-02
0.000000000000000000e+00
1.714285714285714302e-01
0.000000000000000000e+00
2.634920634920634996e-01
0.000000000000000000e+00
0.000000000000000000e+00
2.158730158730158832e-01
0.000000000000000000e+00
1.777777777777777846e-01
0.000000000000000000e+00
4.761904761904761640e-02
0.000000000000000000e+00
3.174603174603174600e-03
0.000000000000000000e+00
0.000000000000000000e+00
0.000000000000000000e+00
2.222222222222222307e-02
0.000000000000000000e+00
6.031746031746031828e-02
0.000000000000000000e+00
1.460317460317460403e-01
0.000000000000000000e+00
2.253968253968254010e-01
0.000000000000000000e+00
2.063492063492063378e-01
0.000000000000000000e+00
0.000000000000000000e+00
2.095238095238095288e-01
0.000000000000000000e+00
7.936507936507936067e-02
0.000000000000000000e+00
3.809523809523809867e-02
0.000000000000000000e+00
1.269841269841269840e-02
0.000000000000000000e+00
0.000000000000000000e+00
0.000000000000000000e+00
1.269841269841269840e-02
0.000000000000000000e+00
8.571428571428571508e-02
0.000000000000000000e+00
2.539682539682539542e-01
0.000000000000000000e+00
2.698412698412698263e-01
0.000000000000000000e+00
2.285714285714285643e-01
0.000000000000000000e+00
0.000000000000000000e+00
8.888888888888889228e-02
0.000000000000000000e+00
3.492063492063492147e-02
0.000000000000000000e+00
1.587301587301587213e-02
0.000000000000000000e+00
9.523809523809524669e-03
0.000000000000000000e+00
0.000000000000000000e+00
0.000000000000000000e+00
3.174603174603174600e-03
0.000000000000000000e+00
1.269841269841269840e-02
0.000000000000000000e+00
5.396825396825397081e-02
0.000000000000000000e+00
1.301587301587301682e-01
0.000000000000000000e+00
2.571428571428571175e-01
0.000000000000000000e+00
0.000000000000000000e+00
2.730158730158729896e-01
0.000000000000000000e+00
1.682539682539682668e-01
0.000000000000000000e+00
7.301587301587302015e-02
0.000000000000000000e+00
2.857142857142857054e-02
0.000000000000000000e+00
0.000000000000000000e+00
0.000000000000000000e+00
