0.000000000000000000e+00
0.000000000000000000e+00
3.809523809523809867e-02
0.000000000000000000e+00
2.444444444444444364e-01
0.000000000000000000e+00
3.015873015873015706e-01
0.000000000000000000e+00
2.666666666666666630e-01
0.000000000000000000e+00
0.000000000000000000e+00
1.174603174603174593e-01
0.000000000000000000e+00
3.174603174603174427e-02
0.000000000000000000e+00
0.000000000000000000e+00
0.000000000000000000e+00
0.000000000000000000e+00
0.000000000000000000e+00
0.000000000000000000e+00
0.000000000000000000e+00
0.000000000000000000e+00
0.000000000000000000e+00
5.079365079365079361e-02
0.000000000000000000e+00
3.587301587301587324e-01
0.000000000000000000e+00
2.349206349206349187e-01
0.000000000000000000e+00
1.746031746031745935e-01
0.000000000000000000e+00
0.000000000000000000e+00
1.523809523809523947e-01
0.000000000000000000e+00
2.222222222222222307e-02
0.000000000000000000e+00
6.349206349206349201e-03
0.000000000000000000e+00
0.000000000000000000e+00
0.000000000000000000e+00
0.000000000000000000e+00
0.000000000000000000e+00
6.349206349206349201e-03
0.000000000000000000e+00
7.619047619047619735e-02
0.000000000000000000e+00
1.523809523809523947e-01
0.000000000000000000e+00
2.634920634920634996e-01
0.000000000000000000e+00
2.634920634920634996e-01
0.000000000000000000e+00
0.000000000000000000e+00
2.063492063492063378e-01
0.000000000000000000e+00
3.174603174603174427e-02
0.000000000000000000e+00
0.000000000000000000e+00
0.000000000000000000e+00
0.000000000000000000e+00
0.000000000000000000e+00
0.000000000000000000e+00
0.000000000000000000e+00
9.523809523809524669e-03
0.000000000000000000e+00
1.904761904761904934e-02
0.000000000000000000e+00
6.984126984126984294e-02
0.000000000000000000e+00
1.079365079365079416e-01
0.000000000000000000e+00
1.682539682539682668e-01
0.000000000000000000e+00
0.000000000000000000e+00
2.698412698412698263e-01
0.000000000000000000e+00
2.539682539682539542e-01
0.000000000000000000e+00
9.523809523809523281e-02
0.000000000000000000e+00
6.349206349206349201e-03
0.000000000000000000e+00
0.000000000000000000e+00
0.000000000000000000e+00
2.158730158730158832e-01
0.000000000000000000e+00
3.333333333333333148e-01
0.000000000000000000e+00
3.396825396825396970e-01
0.000000000000000000e+00
9.523809523809523281e-02
0.000000000000000000e+00
1.269841269841269840e-02
0.000000000000000000e+00
0.000000000000000000e+00
3.174603174603174600e-03
0.000000000000000000e+00
0.000000000000000000e+00
0.000000000000000000e+00
0.000000000000000000e+00
0.000000000000000000e+00
0.000000000000000000e+00
0.000000000000000000e+00
0.000000000000000000e+00
0.000000000000000000e+00
2.952380952380952439e-01
0.000000000000000000e+00
4.222222222222222210e-01
0.000000000000000000e+00
2.253968253968254010e-01
0.000000000000000000e+00
5.079365079365079361e-02
0.000000000000000000e+00
3.174603174603174600e-03
0.000000000000000000e+00
0.000000000000000000e+00
3.174603174603174600e-03
0.000000000000000000e+00
0.000000000000000000e+00
0.000000000000000000e+00
0.000000000000000000e+00
0.000000000000000000e+00
0.000000000000000000e+00
0.000000000000000000e+00
0.000000000000000000e+00
0.000000000000000000e+00
1.238095238095238138e-01
0.000000000000000000e+00
3.365079365079365337e-01
0.000000000000000000e+00
2.380952380952380820e-01
0.000000000000000000e+00
1.333333333333333315e-01
0.000000000000000000e+00
1.142857142857142821e-01
0.000000000000000000e+00
0.000000000000000000e+00
4.444444444444444614e-02
0.000000000000000000e+00
6.349206349206349201e-03
0.000000000000000000e+00
3.174603174603174600e-03
0.000000000000000000e+00
0.000000000000000000e+00
0.000000000000000000e+00
0.000000000000000000e+00
0.000000000000000000e+00
6.349206349206349201e-03
0.000000000000000000e+00
7.619047619047619735e-02
0.000000000000000000e+00
2.190476190476190466e-01
0.000000000000000000e+00
2.317460317460317554e-01
0.000000000000000000e+00
2.253968253968254010e-01
0.000000000000000000e+00
0.000000000000000000e+00
1.460317460317460403e-01
0.000000000000000000e+00
7.619047619047619735e-02
0.000000000000000000e+00
1.904761904761904934e-02
0.000000000000000000e+00
0.000000000000000000e+00
0.000000000000000000e+00
0.000000000000000000e+00
0.000000000000000000e+00
7.619047619047619735e-02
0.000000000000000000e+00
1.492063492063492036e-01
0.000000000000000000e+00
1.936507936507936567e-01
0.000000000000000000e+00
1.682539682539682668e-01
0.000000000000000000e+00
1.714285714285714302e-01
0.000000000000000000e+00
0.000000000000000000e+00
1.523809523809523947e-01
0.000000000000000000e+00
6.666666666666666574e-02
0.000000000000000000e+00
2.222222222222222307e-02
0.000000000000000000e+00
0.000000000000000000e+00
0.000000000000000000e+00
0.000000000000000000e+00
0.000000000000000000e+00
3.174603174603174600e-03
0.000000000000000000e+00
2.857142857142857054e-02
0.000000000000000000e+00
1.492063492063492036e-01
0.000000000000000000e+00
2.285714285714285643e-01
0.000000000000000000e+00
2.984126984126984072e-01
0.000000000000000000e+00
0.000000000000000000e+00
2.031746031746031744e-01
0.000000000000000000e+00
6.984126984126984294e-02
0.000000000000000000e+00
1.587301587301587213e-02
0.000000000000000000e+00
3.174603174603174600e-03
0.000000000000000000e+00
0.000000000000000000e+00
0.000000000000000000e+00
3.174603174603174600e-03
0.000000000000000000e+00
3.492063492063492147e-02
0.000000000000000000e+00
1.301587301587301682e-01
0.000000000000000000e+00
2.031746031746031744e-01
0.000000000000000000e+00
2.634920634920634996e-01
0.000000000000000000e+00
0.000000000000000000e+00
2.349206349206349187e-01
0.000000000000000000e+00
1.079365079365079416e-01
0.000000000000000000e+00
1.269841269841269840e-02
0.000000000000000000e+00
6.349206349206349201e-03
0.000000000000000000e+00
0.000000000000000000e+00
3.174603174603174600e-03
0.000000000000000000e+00
0.000000000000000000e+00
3.174603174603174600e-03
0.000000000000000000e+00
4.444444444444444614e-02
0.000000000000000000e+00
1.587301587301587213e-01
0.000000000000000000e+00
2.190476190476190466e-01
0.000000000000000000e+00
0.000000000000000000e+00
2.539682539682539542e-01
0.000000000000000000e+00
2.190476190476190466e-01
0.000000000000000000e+00
8.253968253968253788e-02
0.000000000000000000e+00
1.904761904761904934e-02
0.000000000000000000e+00
0.000000000000000000e+00
0.000000000000000000e+00
