0.7500    0.5000    0.3333         0         0         0    0.3333    0.4167    0.9167    0.7500    0.5833    0.3333
    0.9091    0.8182    0.1818         0         0         0    0.0909    0.2727    0.8182    0.7273    0.6364    0.1818
    0.6667    0.2500    0.1667         0         0         0    0.2500    0.5000    0.5000    0.8333    0.5833         0
    0.7500    1.0000    0.7500         0         0         0    0.5000    0.5000    1.0000    0.5000    0.7500    0.5000
    0.7000    0.3000         0         0         0         0         0    0.2000    0.8000    0.5000    0.1000         0
    0.9091    0.9091    0.0909         0         0         0    0.1818    0.8182    0.9091    0.9091    0.6364    0.3636
    0.6875    0.6875    0.1875         0         0         0    0.2500    0.4375    0.6250    0.5625    0.7500    0.5000
    0.8000    0.5000    0.1000         0         0         0    0.2000    0.3000    0.9000    0.8000    0.5000    0.1000
    0.8182    0.6364         0         0         0         0    0.0909    0.2727    0.6364    0.6364    0.8182    0.0909
    0.8889    0.8889    0.5556         0         0         0    0.6667    0.4444    0.4444    0.7778    0.6667    0.4444
    0.7333    0.8000    0.2667         0         0         0    0.2000    0.3333    0.4667    0.6000    0.6000    0.1333
    0.9231    1.0000    0.5385         0         0         0    0.2308    0.7692    0.7692    0.7692    0.7692    0.2308
    0.5000    0.5000    0.1667         0         0         0    0.1667    0.3333    1.0000    0.8333    0.6667    0.3333
    0.5833    0.4167    0.2500         0         0         0    0.1667    0.5000    0.7500    0.9167    0.3333    0.0833
    0.6364    0.6364    0.2727         0         0         0    0.3636    0.4545    0.5455    0.3182    0.5455    0.4091
    0.2000    1.0000    0.6000         0         0         0    0.4000    0.6000    0.2000    0.8000    0.4000    0.8000
    0.4000    0.8000    0.1000         0         0         0    0.1000    0.3000    0.5000    0.7000    0.7000    0.2000
    0.6250    0.7500    0.2500         0         0         0         0    0.5000    0.5000    0.7500    1.0000    0.5000
    0.4615    0.4615    0.0769         0         0         0    0.0769    0.3846         0    0.5385    0.3077    0.0769
    0.5556    0.5556    0.2222         0         0         0    0.3333    0.7778    0.4444    0.7778    0.4444    0.2222