4.261363636363636048e-02
0.000000000000000000e+00
1.107954545454545442e-01
0.000000000000000000e+00
2.357954545454545581e-01
0.000000000000000000e+00
2.556818181818181768e-01
0.000000000000000000e+00
1.676136363636363535e-01
0.000000000000000000e+00
0.000000000000000000e+00
9.659090909090908839e-02
0.000000000000000000e+00
6.818181818181817677e-02
0.000000000000000000e+00
1.704545454545454419e-02
0.000000000000000000e+00
2.840909090909090988e-03
0.000000000000000000e+00
0.000000000000000000e+00
2.840909090909090988e-03
5.681818181818181976e-03
0.000000000000000000e+00
3.977272727272727210e-02
0.000000000000000000e+00
8.806818181818182323e-02
0.000000000000000000e+00
2.017045454545454419e-01
0.000000000000000000e+00
2.471590909090909116e-01
0.000000000000000000e+00
0.000000000000000000e+00
2.244318181818181768e-01
0.000000000000000000e+00
1.363636363636363535e-01
0.000000000000000000e+00
3.409090909090908839e-02
0.000000000000000000e+00
2.272727272727272790e-02
0.000000000000000000e+00
0.000000000000000000e+00
0.000000000000000000e+00
1.136363636363636395e-02
0.000000000000000000e+00
6.250000000000000000e-02
0.000000000000000000e+00
1.363636363636363535e-01
0.000000000000000000e+00
2.329545454545454419e-01
0.000000000000000000e+00
2.187500000000000000e-01
0.000000000000000000e+00
0.000000000000000000e+00
2.017045454545454419e-01
0.000000000000000000e+00
1.022727272727272790e-01
0.000000000000000000e+00
2.556818181818181976e-02
0.000000000000000000e+00
8.522727272727272096e-03
0.000000000000000000e+00
0.000000000000000000e+00
0.000000000000000000e+00
2.272727272727272790e-02
0.000000000000000000e+00
7.954545454545454419e-02
0.000000000000000000e+00
1.789772727272727348e-01
0.000000000000000000e+00
2.471590909090909116e-01
0.000000000000000000e+00
2.102272727272727348e-01
0.000000000000000000e+00
0.000000000000000000e+00
1.789772727272727348e-01
0.000000000000000000e+00
6.534090909090908839e-02
0.000000000000000000e+00
1.704545454545454419e-02
0.000000000000000000e+00
0.000000000000000000e+00
0.000000000000000000e+00
0.000000000000000000e+00
0.000000000000000000e+00
5.397727272727272790e-02
0.000000000000000000e+00
2.244318181818181768e-01
0.000000000000000000e+00
2.386363636363636465e-01
0.000000000000000000e+00
2.244318181818181768e-01
0.000000000000000000e+00
1.420454545454545581e-01
0.000000000000000000e+00
0.000000000000000000e+00
8.238636363636363258e-02
0.000000000000000000e+00
1.988636363636363605e-02
0.000000000000000000e+00
1.136363636363636395e-02
0.000000000000000000e+00
2.840909090909090988e-03
0.000000000000000000e+00
0.000000000000000000e+00
0.000000000000000000e+00
1.136363636363636395e-02
0.000000000000000000e+00
6.818181818181817677e-02
0.000000000000000000e+00
1.988636363636363535e-01
0.000000000000000000e+00
2.556818181818181768e-01
0.000000000000000000e+00
2.556818181818181768e-01
0.000000000000000000e+00
0.000000000000000000e+00
1.420454545454545581e-01
0.000000000000000000e+00
4.829545454545454419e-02
0.000000000000000000e+00
1.988636363636363605e-02
0.000000000000000000e+00
0.000000000000000000e+00
0.000000000000000000e+00
0.000000000000000000e+00
0.000000000000000000e+00
8.522727272727272096e-03
0.000000000000000000e+00
5.681818181818181629e-02
0.000000000000000000e+00
1.732954545454545581e-01
0.000000000000000000e+00
1.732954545454545581e-01
0.000000000000000000e+00
2.301136363636363535e-01
0.000000000000000000e+00
0.000000000000000000e+00
2.073863636363636465e-01
0.000000000000000000e+00
1.193181818181818232e-01
0.000000000000000000e+00
2.272727272727272790e-02
0.000000000000000000e+00
8.522727272727272096e-03
0.000000000000000000e+00
0.000000000000000000e+00
0.000000000000000000e+00
8.522727272727272096e-03
0.000000000000000000e+00
7.386363636363636742e-02
0.000000000000000000e+00
1.875000000000000000e-01
0.000000000000000000e+00
2.585227272727272929e-01
0.000000000000000000e+00
2.244318181818181768e-01
0.000000000000000000e+00
0.000000000000000000e+00
1.818181818181818232e-01
0.000000000000000000e+00
5.397727272727272790e-02
0.000000000000000000e+00
1.136363636363636395e-02
0.000000000000000000e+00
0.000000000000000000e+00
0.000000000000000000e+00
0.000000000000000000e+00
0.000000000000000000e+00
4.545454545454545581e-02
0.000000000000000000e+00
1.306818181818181768e-01
0.000000000000000000e+00
2.329545454545454419e-01
0.000000000000000000e+00
3.181818181818181768e-01
0.000000000000000000e+00
1.676136363636363535e-01
0.000000000000000000e+00
0.000000000000000000e+00
7.670454545454545581e-02
0.000000000000000000e+00
1.988636363636363605e-02
0.000000000000000000e+00
5.681818181818181976e-03
0.000000000000000000e+00
2.840909090909090988e-03
0.000000000000000000e+00
0.000000000000000000e+00
0.000000000000000000e+00
8.522727272727272096e-03
0.000000000000000000e+00
8.522727272727272096e-02
0.000000000000000000e+00
1.562500000000000000e-01
0.000000000000000000e+00
2.500000000000000000e-01
0.000000000000000000e+00
2.528409090909091161e-01
0.000000000000000000e+00
0.000000000000000000e+00
1.505681818181818232e-01
0.000000000000000000e+00
7.954545454545454419e-02
0.000000000000000000e+00
1.704545454545454419e-02
0.000000000000000000e+00
0.000000000000000000e+00
0.000000000000000000e+00
0.000000000000000000e+00
0.000000000000000000e+00
1.136363636363636395e-02
0.000000000000000000e+00
4.261363636363636048e-02
0.000000000000000000e+00
1.420454545454545581e-01
0.000000000000000000e+00
2.045454545454545581e-01
0.000000000000000000e+00
2.357954545454545581e-01
0.000000000000000000e+00
0.000000000000000000e+00
1.818181818181818232e-01
0.000000000000000000e+00
1.250000000000000000e-01
0.000000000000000000e+00
4.829545454545454419e-02
0.000000000000000000e+00
8.522727272727272096e-03
0.000000000000000000e+00
0.000000000000000000e+00
0.000000000000000000e+00
5.681818181818181976e-03
0.000000000000000000e+00
7.386363636363636742e-02
0.000000000000000000e+00
1.448863636363636465e-01
0.000000000000000000e+00
2.386363636363636465e-01
0.000000000000000000e+00
2.642045454545454697e-01
0.000000000000000000e+00
0.000000000000000000e+00
1.562500000000000000e-01
0.000000000000000000e+00
9.090909090909091161e-02
0.000000000000000000e+00
2.272727272727272790e-02
0.000000000000000000e+00
2.840909090909090988e-03
0.000000000000000000e+00
0.000000000000000000e+00
0.000000000000000000e+00
1.051136363636363674e-01
0.000000000000000000e+00
1.846590909090909116e-01
0.000000000000000000e+00
2.642045454545454697e-01
0.000000000000000000e+00
2.386363636363636465e-01
0.000000000000000000e+00
1.250000000000000000e-01
0.000000000000000000e+00
0.000000000000000000e+00
6.534090909090908839e-02
0.000000000000000000e+00
1.704545454545454419e-02
0.000000000000000000e+00
0.000000000000000000e+00
0.000000000000000000e+00
0.000000000000000000e+00
0.000000000000000000e+00
0.000000000000000000e+00
0.000000000000000000e+00
3.693181818181818371e-02
0.000000000000000000e+00
1.562500000000000000e-01
0.000000000000000000e+00
2.982954545454545303e-01
0.000000000000000000e+00
2.556818181818181768e-01
0.000000000000000000e+00
1.619318181818181768e-01
0.000000000000000000e+00
0.000000000000000000e+00
6.818181818181817677e-02
0.000000000000000000e+00
1.704545454545454419e-02
0.000000000000000000e+00
2.840909090909090988e-03
0.000000000000000000e+00
2.840909090909090988e-03
0.000000000000000000e+00
0.000000000000000000e+00
0.000000000000000000e+00
3.125000000000000000e-02
0.000000000000000000e+00
1.306818181818181768e-01
0.000000000000000000e+00
2.642045454545454697e-01
0.000000000000000000e+00
2.272727272727272652e-01
0.000000000000000000e+00
1.676136363636363535e-01
0.000000000000000000e+00
0.000000000000000000e+00
1.221590909090909116e-01
0.000000000000000000e+00
4.829545454545454419e-02
0.000000000000000000e+00
5.681818181818181976e-03
0.000000000000000000e+00
2.840909090909090988e-03
0.000000000000000000e+00
0.000000000000000000e+00
0.000000000000000000e+00
3.693181818181818371e-02
0.000000000000000000e+00
1.107954545454545442e-01
0.000000000000000000e+00
2.414772727272727348e-01
0.000000000000000000e+00
2.585227272727272929e-01
0.000000000000000000e+00
1.960227272727272652e-01
0.000000000000000000e+00
0.000000000000000000e+00
9.375000000000000000e-02
0.000000000000000000e+00
5.397727272727272790e-02
0.000000000000000000e+00
8.522727272727272096e-03
0.000000000000000000e+00
0.000000000000000000e+00
0.000000000000000000e+00
0.000000000000000000e+00
0.000000000000000000e+00
