2.991452991452991581e-02
0.000000000000000000e+00
1.196581196581196632e-01
0.000000000000000000e+00
2.478632478632478708e-01
2.393162393162393264e-01
0.000000000000000000e+00
0.000000000000000000e+00
2.136752136752136655e-01
0.000000000000000000e+00
8.119658119658119955e-02
6.410256410256409687e-02
0.000000000000000000e+00
4.273504273504273934e-03
0.000000000000000000e+00
0.000000000000000000e+00
0.000000000000000000e+00
0.000000000000000000e+00
0.000000000000000000e+00
0.000000000000000000e+00
0.000000000000000000e+00
2.564102564102564014e-02
0.000000000000000000e+00
9.401709401709401615e-02
0.000000000000000000e+00
2.094017094017094072e-01
2.094017094017094072e-01
0.000000000000000000e+00
0.000000000000000000e+00
1.837606837606837740e-01
0.000000000000000000e+00
1.923076923076923184e-01
6.410256410256409687e-02
0.000000000000000000e+00
2.136752136752136794e-02
0.000000000000000000e+00
0.000000000000000000e+00
0.000000000000000000e+00
0.000000000000000000e+00
0.000000000000000000e+00
0.000000000000000000e+00
0.000000000000000000e+00
3.846153846153846367e-02
0.000000000000000000e+00
1.153846153846153910e-01
0.000000000000000000e+00
1.709401709401709435e-01
2.735042735042735318e-01
0.000000000000000000e+00
0.000000000000000000e+00
1.880341880341880323e-01
0.000000000000000000e+00
1.367521367521367659e-01
5.982905982905983161e-02
0.000000000000000000e+00
4.273504273504273934e-03
0.000000000000000000e+00
0.000000000000000000e+00
8.547008547008547868e-03
0.000000000000000000e+00
4.273504273504273934e-03
0.000000000000000000e+00
0.000000000000000000e+00
4.273504273504273587e-02
0.000000000000000000e+00
1.752136752136752018e-01
0.000000000000000000e+00
2.393162393162393264e-01
2.136752136752136655e-01
0.000000000000000000e+00
0.000000000000000000e+00
1.709401709401709435e-01
0.000000000000000000e+00
9.829059829059828834e-02
3.846153846153846367e-02
0.000000000000000000e+00
1.709401709401709574e-02
0.000000000000000000e+00
0.000000000000000000e+00
4.273504273504273934e-03
0.000000000000000000e+00
0.000000000000000000e+00
0.000000000000000000e+00
0.000000000000000000e+00
4.273504273504273587e-02
0.000000000000000000e+00
1.623931623931623991e-01
0.000000000000000000e+00
2.521367521367521292e-01
2.307692307692307820e-01
0.000000000000000000e+00
0.000000000000000000e+00
1.623931623931623991e-01
0.000000000000000000e+00
8.974358974358974395e-02
4.273504273504273587e-02
0.000000000000000000e+00
1.709401709401709574e-02
0.000000000000000000e+00
0.000000000000000000e+00
0.000000000000000000e+00
0.000000000000000000e+00
0.000000000000000000e+00
0.000000000000000000e+00
0.000000000000000000e+00
1.709401709401709574e-02
0.000000000000000000e+00
8.119658119658119955e-02
0.000000000000000000e+00
2.179487179487179516e-01
2.478632478632478708e-01
0.000000000000000000e+00
0.000000000000000000e+00
2.564102564102563875e-01
0.000000000000000000e+00
1.239316239316239354e-01
2.991452991452991581e-02
0.000000000000000000e+00
2.136752136752136794e-02
0.000000000000000000e+00
0.000000000000000000e+00
4.273504273504273934e-03
0.000000000000000000e+00
0.000000000000000000e+00
0.000000000000000000e+00
0.000000000000000000e+00
8.547008547008547868e-03
0.000000000000000000e+00
4.700854700854700807e-02
0.000000000000000000e+00
1.196581196581196632e-01
1.752136752136752018e-01
0.000000000000000000e+00
0.000000000000000000e+00
2.350427350427350404e-01
0.000000000000000000e+00
1.965811965811965767e-01
1.410256410256410242e-01
0.000000000000000000e+00
5.555555555555555247e-02
0.000000000000000000e+00
0.000000000000000000e+00
2.136752136752136794e-02
0.000000000000000000e+00
0.000000000000000000e+00
0.000000000000000000e+00
0.000000000000000000e+00
1.282051282051282007e-02
0.000000000000000000e+00
1.282051282051282007e-02
0.000000000000000000e+00
1.068376068376068327e-01
2.179487179487179516e-01
0.000000000000000000e+00
0.000000000000000000e+00
2.606837606837607013e-01
0.000000000000000000e+00
2.350427350427350404e-01
8.974358974358974395e-02
0.000000000000000000e+00
4.273504273504273587e-02
0.000000000000000000e+00
0.000000000000000000e+00
1.709401709401709574e-02
0.000000000000000000e+00
0.000000000000000000e+00
0.000000000000000000e+00
4.273504273504273934e-03
8.547008547008547868e-03
0.000000000000000000e+00
3.418803418803419147e-02
0.000000000000000000e+00
8.974358974358974395e-02
1.709401709401709435e-01
0.000000000000000000e+00
0.000000000000000000e+00
2.521367521367521292e-01
0.000000000000000000e+00
2.136752136752136655e-01
1.709401709401709435e-01
0.000000000000000000e+00
3.846153846153846367e-02
0.000000000000000000e+00
0.000000000000000000e+00
2.136752136752136794e-02
0.000000000000000000e+00
0.000000000000000000e+00
0.000000000000000000e+00
0.000000000000000000e+00
0.000000000000000000e+00
0.000000000000000000e+00
5.982905982905983161e-02
0.000000000000000000e+00
1.153846153846153910e-01
2.307692307692307820e-01
0.000000000000000000e+00
0.000000000000000000e+00
2.820512820512820484e-01
0.000000000000000000e+00
1.837606837606837740e-01
5.982905982905983161e-02
0.000000000000000000e+00
4.273504273504273587e-02
0.000000000000000000e+00
0.000000000000000000e+00
2.564102564102564014e-02
0.000000000000000000e+00
0.000000000000000000e+00
0.000000000000000000e+00
0.000000000000000000e+00
3.846153846153846367e-02
0.000000000000000000e+00
1.623931623931623991e-01
0.000000000000000000e+00
2.393162393162393264e-01
1.794871794871794879e-01
0.000000000000000000e+00
0.000000000000000000e+00
1.538461538461538547e-01
0.000000000000000000e+00
1.324786324786324798e-01
5.555555555555555247e-02
0.000000000000000000e+00
2.564102564102564014e-02
0.000000000000000000e+00
0.000000000000000000e+00
8.547008547008547868e-03
0.000000000000000000e+00
4.273504273504273934e-03
0.000000000000000000e+00
0.000000000000000000e+00
0.000000000000000000e+00
0.000000000000000000e+00
2.991452991452991581e-02
0.000000000000000000e+00
7.692307692307692735e-02
1.965811965811965767e-01
0.000000000000000000e+00
0.000000000000000000e+00
2.008547008547008628e-01
0.000000000000000000e+00
2.094017094017094072e-01
1.752136752136752018e-01
0.000000000000000000e+00
1.068376068376068327e-01
0.000000000000000000e+00
0.000000000000000000e+00
4.273504273504273934e-03
0.000000000000000000e+00
0.000000000000000000e+00
0.000000000000000000e+00
0.000000000000000000e+00
4.273504273504273934e-03
0.000000000000000000e+00
2.991452991452991581e-02
0.000000000000000000e+00
1.282051282051281937e-01
1.923076923076923184e-01
0.000000000000000000e+00
0.000000000000000000e+00
2.777777777777777901e-01
0.000000000000000000e+00
2.051282051282051211e-01
1.025641025641025605e-01
0.000000000000000000e+00
4.700854700854700807e-02
0.000000000000000000e+00
0.000000000000000000e+00
1.282051282051282007e-02
0.000000000000000000e+00
0.000000000000000000e+00
0.000000000000000000e+00
0.000000000000000000e+00
1.282051282051282007e-02
0.000000000000000000e+00
2.564102564102564014e-02
0.000000000000000000e+00
1.025641025641025605e-01
1.282051282051281937e-01
0.000000000000000000e+00
0.000000000000000000e+00
2.350427350427350404e-01
0.000000000000000000e+00
2.051282051282051211e-01
1.752136752136752018e-01
0.000000000000000000e+00
7.692307692307692735e-02
0.000000000000000000e+00
0.000000000000000000e+00
3.846153846153846367e-02
0.000000000000000000e+00
0.000000000000000000e+00
0.000000000000000000e+00
0.000000000000000000e+00
4.273504273504273934e-03
0.000000000000000000e+00
2.136752136752136794e-02
0.000000000000000000e+00
5.982905982905983161e-02
1.837606837606837740e-01
0.000000000000000000e+00
0.000000000000000000e+00
2.606837606837607013e-01
0.000000000000000000e+00
2.136752136752136655e-01
1.709401709401709435e-01
0.000000000000000000e+00
7.264957264957265515e-02
0.000000000000000000e+00
0.000000000000000000e+00
1.282051282051282007e-02
0.000000000000000000e+00
0.000000000000000000e+00
0.000000000000000000e+00
0.000000000000000000e+00
2.991452991452991581e-02
0.000000000000000000e+00
9.829059829059828834e-02
0.000000000000000000e+00
2.435897435897435848e-01
2.179487179487179516e-01
0.000000000000000000e+00
0.000000000000000000e+00
1.923076923076923184e-01
0.000000000000000000e+00
1.111111111111111049e-01
5.128205128205128027e-02
0.000000000000000000e+00
4.700854700854700807e-02
0.000000000000000000e+00
0.000000000000000000e+00
8.547008547008547868e-03
0.000000000000000000e+00
0.000000000000000000e+00
0.000000000000000000e+00
0.000000000000000000e+00
0.000000000000000000e+00
0.000000000000000000e+00
1.282051282051282007e-02
0.000000000000000000e+00
8.974358974358974395e-02
8.547008547008547175e-02
0.000000000000000000e+00
0.000000000000000000e+00
3.034188034188033956e-01
0.000000000000000000e+00
2.478632478632478708e-01
1.752136752136752018e-01
0.000000000000000000e+00
6.837606837606838295e-02
0.000000000000000000e+00
0.000000000000000000e+00
1.282051282051282007e-02
0.000000000000000000e+00
4.273504273504273934e-03
0.000000000000000000e+00
0.000000000000000000e+00
0.000000000000000000e+00
0.000000000000000000e+00
2.136752136752136794e-02
0.000000000000000000e+00
7.264957264957265515e-02
1.581196581196581130e-01
0.000000000000000000e+00
0.000000000000000000e+00
2.393162393162393264e-01
0.000000000000000000e+00
2.606837606837607013e-01
1.367521367521367659e-01
0.000000000000000000e+00
5.128205128205128027e-02
0.000000000000000000e+00
0.000000000000000000e+00
5.128205128205128027e-02
0.000000000000000000e+00
8.547008547008547868e-03
0.000000000000000000e+00
0.000000000000000000e+00
1.282051282051282007e-02
0.000000000000000000e+00
2.991452991452991581e-02
0.000000000000000000e+00
8.974358974358974395e-02
1.794871794871794879e-01
0.000000000000000000e+00
0.000000000000000000e+00
2.222222222222222099e-01
0.000000000000000000e+00
2.008547008547008628e-01
1.410256410256410242e-01
0.000000000000000000e+00
7.692307692307692735e-02
0.000000000000000000e+00
0.000000000000000000e+00
2.991452991452991581e-02
0.000000000000000000e+00
1.282051282051282007e-02
0.000000000000000000e+00
4.273504273504273934e-03
0.000000000000000000e+00
0.000000000000000000e+00
5.555555555555555247e-02
0.000000000000000000e+00
9.829059829059828834e-02
1.923076923076923184e-01
0.000000000000000000e+00
0.000000000000000000e+00
2.307692307692307820e-01
0.000000000000000000e+00
2.008547008547008628e-01
1.581196581196581130e-01
0.000000000000000000e+00
4.700854700854700807e-02
0.000000000000000000e+00
0.000000000000000000e+00
8.547008547008547868e-03
0.000000000000000000e+00
8.547008547008547868e-03
0.000000000000000000e+00
0.000000000000000000e+00
2.991452991452991581e-02
0.000000000000000000e+00
1.068376068376068327e-01
0.000000000000000000e+00
2.179487179487179516e-01
2.051282051282051211e-01
0.000000000000000000e+00
0.000000000000000000e+00
1.367521367521367659e-01
0.000000000000000000e+00
1.923076923076923184e-01
8.974358974358974395e-02
0.000000000000000000e+00
1.709401709401709574e-02
0.000000000000000000e+00
0.000000000000000000e+00
4.273504273504273934e-03
0.000000000000000000e+00
0.000000000000000000e+00
0.000000000000000000e+00
0.000000000000000000e+00
1.282051282051282007e-02
0.000000000000000000e+00
8.974358974358974395e-02
0.000000000000000000e+00
1.709401709401709435e-01
2.777777777777777901e-01
0.000000000000000000e+00
0.000000000000000000e+00
2.051282051282051211e-01
0.000000000000000000e+00
1.538461538461538547e-01
5.982905982905983161e-02
0.000000000000000000e+00
2.564102564102564014e-02
0.000000000000000000e+00
0.000000000000000000e+00
4.273504273504273934e-03
0.000000000000000000e+00
0.000000000000000000e+00
0.000000000000000000e+00
0.000000000000000000e+00
2.136752136752136794e-02
0.000000000000000000e+00
5.555555555555555247e-02
0.000000000000000000e+00
1.324786324786324798e-01
2.564102564102563875e-01
0.000000000000000000e+00
0.000000000000000000e+00
2.350427350427350404e-01
0.000000000000000000e+00
1.794871794871794879e-01
8.119658119658119955e-02
0.000000000000000000e+00
3.846153846153846367e-02
0.000000000000000000e+00
0.000000000000000000e+00
0.000000000000000000e+00
0.000000000000000000e+00
0.000000000000000000e+00
0.000000000000000000e+00
0.000000000000000000e+00
4.273504273504273934e-03
0.000000000000000000e+00
4.700854700854700807e-02
0.000000000000000000e+00
1.367521367521367659e-01
2.179487179487179516e-01
0.000000000000000000e+00
0.000000000000000000e+00
2.307692307692307820e-01
0.000000000000000000e+00
1.794871794871794879e-01
1.111111111111111049e-01
0.000000000000000000e+00
4.700854700854700807e-02
0.000000000000000000e+00
0.000000000000000000e+00
1.709401709401709574e-02
0.000000000000000000e+00
8.547008547008547868e-03
0.000000000000000000e+00
0.000000000000000000e+00
1.709401709401709574e-02
0.000000000000000000e+00
4.700854700854700807e-02
0.000000000000000000e+00
1.410256410256410242e-01
2.264957264957264960e-01
0.000000000000000000e+00
0.000000000000000000e+00
2.649572649572649596e-01
0.000000000000000000e+00
1.538461538461538547e-01
1.025641025641025605e-01
0.000000000000000000e+00
4.273504273504273587e-02
0.000000000000000000e+00
0.000000000000000000e+00
0.000000000000000000e+00
0.000000000000000000e+00
4.273504273504273934e-03
0.000000000000000000e+00
0.000000000000000000e+00
