3.119658119658119677e-01
0.000000000000000000e+00
0.000000000000000000e+00
0.000000000000000000e+00
4.316239316239316448e-01
0.000000000000000000e+00
0.000000000000000000e+00
0.000000000000000000e+00
1.837606837606837740e-01
0.000000000000000000e+00
0.000000000000000000e+00
5.555555555555555247e-02
0.000000000000000000e+00
0.000000000000000000e+00
0.000000000000000000e+00
0.000000000000000000e+00
1.709401709401709574e-02
0.000000000000000000e+00
0.000000000000000000e+00
0.000000000000000000e+00
0.000000000000000000e+00
1.666666666666666574e-01
0.000000000000000000e+00
0.000000000000000000e+00
0.000000000000000000e+00
3.974358974358974117e-01
0.000000000000000000e+00
0.000000000000000000e+00
0.000000000000000000e+00
2.991452991452991372e-01
0.000000000000000000e+00
0.000000000000000000e+00
1.068376068376068327e-01
0.000000000000000000e+00
0.000000000000000000e+00
0.000000000000000000e+00
0.000000000000000000e+00
2.991452991452991581e-02
0.000000000000000000e+00
0.000000000000000000e+00
0.000000000000000000e+00
0.000000000000000000e+00
1.367521367521367659e-01
0.000000000000000000e+00
0.000000000000000000e+00
0.000000000000000000e+00
3.333333333333333148e-01
0.000000000000000000e+00
0.000000000000000000e+00
0.000000000000000000e+00
3.504273504273504036e-01
0.000000000000000000e+00
0.000000000000000000e+00
1.538461538461538547e-01
0.000000000000000000e+00
0.000000000000000000e+00
0.000000000000000000e+00
0.000000000000000000e+00
2.136752136752136794e-02
0.000000000000000000e+00
0.000000000000000000e+00
0.000000000000000000e+00
4.273504273504273934e-03
1.538461538461538547e-01
0.000000000000000000e+00
0.000000000000000000e+00
0.000000000000000000e+00
3.717948717948718063e-01
0.000000000000000000e+00
0.000000000000000000e+00
0.000000000000000000e+00
3.034188034188033956e-01
0.000000000000000000e+00
0.000000000000000000e+00
1.452991452991453103e-01
0.000000000000000000e+00
0.000000000000000000e+00
0.000000000000000000e+00
0.000000000000000000e+00
2.564102564102564014e-02
0.000000000000000000e+00
0.000000000000000000e+00
0.000000000000000000e+00
0.000000000000000000e+00
2.820512820512820484e-01
0.000000000000000000e+00
0.000000000000000000e+00
0.000000000000000000e+00
3.974358974358974117e-01
0.000000000000000000e+00
0.000000000000000000e+00
0.000000000000000000e+00
2.521367521367521292e-01
0.000000000000000000e+00
0.000000000000000000e+00
5.982905982905983161e-02
0.000000000000000000e+00
0.000000000000000000e+00
0.000000000000000000e+00
0.000000000000000000e+00
8.547008547008547868e-03
0.000000000000000000e+00
0.000000000000000000e+00
0.000000000000000000e+00
0.000000000000000000e+00
2.051282051282051211e-01
0.000000000000000000e+00
0.000000000000000000e+00
0.000000000000000000e+00
3.717948717948718063e-01
0.000000000000000000e+00
0.000000000000000000e+00
0.000000000000000000e+00
3.119658119658119677e-01
0.000000000000000000e+00
0.000000000000000000e+00
9.829059829059828834e-02
0.000000000000000000e+00
0.000000000000000000e+00
0.000000000000000000e+00
0.000000000000000000e+00
1.282051282051282007e-02
0.000000000000000000e+00
0.000000000000000000e+00
0.000000000000000000e+00
0.000000000000000000e+00
8.547008547008547175e-02
0.000000000000000000e+00
0.000000000000000000e+00
0.000000000000000000e+00
2.735042735042735318e-01
0.000000000000000000e+00
0.000000000000000000e+00
0.000000000000000000e+00
3.589743589743589758e-01
0.000000000000000000e+00
0.000000000000000000e+00
1.965811965811965767e-01
0.000000000000000000e+00
0.000000000000000000e+00
0.000000000000000000e+00
0.000000000000000000e+00
7.692307692307692735e-02
0.000000000000000000e+00
0.000000000000000000e+00
0.000000000000000000e+00
8.547008547008547868e-03
1.111111111111111049e-01
0.000000000000000000e+00
0.000000000000000000e+00
0.000000000000000000e+00
2.435897435897435848e-01
0.000000000000000000e+00
0.000000000000000000e+00
0.000000000000000000e+00
3.547008547008547175e-01
0.000000000000000000e+00
0.000000000000000000e+00
2.094017094017094072e-01
0.000000000000000000e+00
0.000000000000000000e+00
0.000000000000000000e+00
0.000000000000000000e+00
6.410256410256409687e-02
0.000000000000000000e+00
0.000000000000000000e+00
0.000000000000000000e+00
1.709401709401709574e-02
8.547008547008547175e-02
0.000000000000000000e+00
0.000000000000000000e+00
0.000000000000000000e+00
2.051282051282051211e-01
0.000000000000000000e+00
0.000000000000000000e+00
0.000000000000000000e+00
3.632478632478632341e-01
0.000000000000000000e+00
0.000000000000000000e+00
2.905982905982906206e-01
0.000000000000000000e+00
0.000000000000000000e+00
0.000000000000000000e+00
0.000000000000000000e+00
5.128205128205128027e-02
0.000000000000000000e+00
0.000000000000000000e+00
0.000000000000000000e+00
4.273504273504273934e-03
1.452991452991453103e-01
0.000000000000000000e+00
0.000000000000000000e+00
0.000000000000000000e+00
2.777777777777777901e-01
0.000000000000000000e+00
0.000000000000000000e+00
0.000000000000000000e+00
3.376068376068376287e-01
0.000000000000000000e+00
0.000000000000000000e+00
1.752136752136752018e-01
0.000000000000000000e+00
0.000000000000000000e+00
0.000000000000000000e+00
0.000000000000000000e+00
5.128205128205128027e-02
0.000000000000000000e+00
0.000000000000000000e+00
0.000000000000000000e+00
1.282051282051282007e-02
1.794871794871794879e-01
0.000000000000000000e+00
0.000000000000000000e+00
0.000000000000000000e+00
3.589743589743589758e-01
0.000000000000000000e+00
0.000000000000000000e+00
0.000000000000000000e+00
2.820512820512820484e-01
0.000000000000000000e+00
0.000000000000000000e+00
1.153846153846153910e-01
0.000000000000000000e+00
0.000000000000000000e+00
0.000000000000000000e+00
0.000000000000000000e+00
5.128205128205128027e-02
0.000000000000000000e+00
0.000000000000000000e+00
0.000000000000000000e+00
1.282051282051282007e-02
1.068376068376068327e-01
0.000000000000000000e+00
0.000000000000000000e+00
0.000000000000000000e+00
2.820512820512820484e-01
0.000000000000000000e+00
0.000000000000000000e+00
0.000000000000000000e+00
3.675213675213675479e-01
0.000000000000000000e+00
0.000000000000000000e+00
2.051282051282051211e-01
0.000000000000000000e+00
0.000000000000000000e+00
0.000000000000000000e+00
0.000000000000000000e+00
2.991452991452991581e-02
0.000000000000000000e+00
0.000000000000000000e+00
0.000000000000000000e+00
8.547008547008547868e-03
8.547008547008547175e-02
0.000000000000000000e+00
0.000000000000000000e+00
0.000000000000000000e+00
2.521367521367521292e-01
0.000000000000000000e+00
0.000000000000000000e+00
0.000000000000000000e+00
3.333333333333333148e-01
0.000000000000000000e+00
0.000000000000000000e+00
2.393162393162393264e-01
0.000000000000000000e+00
0.000000000000000000e+00
0.000000000000000000e+00
0.000000000000000000e+00
8.547008547008547175e-02
0.000000000000000000e+00
0.000000000000000000e+00
0.000000000000000000e+00
4.273504273504273934e-03
6.837606837606838295e-02
0.000000000000000000e+00
0.000000000000000000e+00
0.000000000000000000e+00
2.222222222222222099e-01
0.000000000000000000e+00
0.000000000000000000e+00
0.000000000000000000e+00
3.333333333333333148e-01
0.000000000000000000e+00
0.000000000000000000e+00
2.521367521367521292e-01
0.000000000000000000e+00
0.000000000000000000e+00
0.000000000000000000e+00
0.000000000000000000e+00
1.068376068376068327e-01
0.000000000000000000e+00
0.000000000000000000e+00
0.000000000000000000e+00
1.709401709401709574e-02
5.555555555555555247e-02
0.000000000000000000e+00
0.000000000000000000e+00
0.000000000000000000e+00
2.649572649572649596e-01
0.000000000000000000e+00
0.000000000000000000e+00
0.000000000000000000e+00
3.418803418803418870e-01
0.000000000000000000e+00
0.000000000000000000e+00
2.564102564102563875e-01
0.000000000000000000e+00
0.000000000000000000e+00
0.000000000000000000e+00
0.000000000000000000e+00
7.692307692307692735e-02
0.000000000000000000e+00
0.000000000000000000e+00
0.000000000000000000e+00
4.273504273504273934e-03
1.282051282051281937e-01
0.000000000000000000e+00
0.000000000000000000e+00
0.000000000000000000e+00
3.589743589743589758e-01
0.000000000000000000e+00
0.000000000000000000e+00
0.000000000000000000e+00
3.418803418803418870e-01
0.000000000000000000e+00
0.000000000000000000e+00
1.196581196581196632e-01
0.000000000000000000e+00
0.000000000000000000e+00
0.000000000000000000e+00
0.000000000000000000e+00
4.700854700854700807e-02
0.000000000000000000e+00
0.000000000000000000e+00
0.000000000000000000e+00
4.273504273504273934e-03
1.538461538461538547e-01
0.000000000000000000e+00
0.000000000000000000e+00
0.000000000000000000e+00
2.735042735042735318e-01
0.000000000000000000e+00
0.000000000000000000e+00
0.000000000000000000e+00
3.247863247863247982e-01
0.000000000000000000e+00
0.000000000000000000e+00
1.965811965811965767e-01
0.000000000000000000e+00
0.000000000000000000e+00
0.000000000000000000e+00
0.000000000000000000e+00
4.700854700854700807e-02
0.000000000000000000e+00
0.000000000000000000e+00
0.000000000000000000e+00
4.273504273504273934e-03
5.128205128205128027e-02
0.000000000000000000e+00
0.000000000000000000e+00
0.000000000000000000e+00
2.478632478632478708e-01
0.000000000000000000e+00
0.000000000000000000e+00
0.000000000000000000e+00
3.205128205128205399e-01
0.000000000000000000e+00
0.000000000000000000e+00
2.991452991452991372e-01
0.000000000000000000e+00
0.000000000000000000e+00
0.000000000000000000e+00
0.000000000000000000e+00
6.837606837606838295e-02
0.000000000000000000e+00
0.000000000000000000e+00
0.000000000000000000e+00
1.282051282051282007e-02
4.273504273504273587e-02
0.000000000000000000e+00
0.000000000000000000e+00
0.000000000000000000e+00
1.623931623931623991e-01
0.000000000000000000e+00
0.000000000000000000e+00
0.000000000000000000e+00
2.991452991452991372e-01
0.000000000000000000e+00
0.000000000000000000e+00
3.290598290598290565e-01
0.000000000000000000e+00
0.000000000000000000e+00
0.000000000000000000e+00
0.000000000000000000e+00
1.452991452991453103e-01
0.000000000000000000e+00
0.000000000000000000e+00
0.000000000000000000e+00
2.136752136752136794e-02
7.264957264957265515e-02
0.000000000000000000e+00
0.000000000000000000e+00
0.000000000000000000e+00
2.350427350427350404e-01
0.000000000000000000e+00
0.000000000000000000e+00
0.000000000000000000e+00
3.119658119658119677e-01
0.000000000000000000e+00
0.000000000000000000e+00
2.521367521367521292e-01
0.000000000000000000e+00
0.000000000000000000e+00
0.000000000000000000e+00
0.000000000000000000e+00
9.829059829059828834e-02
0.000000000000000000e+00
0.000000000000000000e+00
0.000000000000000000e+00
2.991452991452991581e-02
3.076923076923077094e-01
0.000000000000000000e+00
0.000000000000000000e+00
0.000000000000000000e+00
2.649572649572649596e-01
0.000000000000000000e+00
0.000000000000000000e+00
0.000000000000000000e+00
1.880341880341880323e-01
0.000000000000000000e+00
0.000000000000000000e+00
1.752136752136752018e-01
0.000000000000000000e+00
0.000000000000000000e+00
0.000000000000000000e+00
0.000000000000000000e+00
5.982905982905983161e-02
0.000000000000000000e+00
0.000000000000000000e+00
0.000000000000000000e+00
4.273504273504273934e-03
8.974358974358974395e-02
0.000000000000000000e+00
0.000000000000000000e+00
0.000000000000000000e+00
2.820512820512820484e-01
0.000000000000000000e+00
0.000000000000000000e+00
0.000000000000000000e+00
3.418803418803418870e-01
0.000000000000000000e+00
0.000000000000000000e+00
2.222222222222222099e-01
0.000000000000000000e+00
0.000000000000000000e+00
0.000000000000000000e+00
0.000000000000000000e+00
5.128205128205128027e-02
0.000000000000000000e+00
0.000000000000000000e+00
0.000000000000000000e+00
1.282051282051282007e-02
4.700854700854700807e-02
0.000000000000000000e+00
0.000000000000000000e+00
0.000000000000000000e+00
1.965811965811965767e-01
0.000000000000000000e+00
0.000000000000000000e+00
0.000000000000000000e+00
3.974358974358974117e-01
0.000000000000000000e+00
0.000000000000000000e+00
1.880341880341880323e-01
0.000000000000000000e+00
0.000000000000000000e+00
0.000000000000000000e+00
0.000000000000000000e+00
1.538461538461538547e-01
0.000000000000000000e+00
0.000000000000000000e+00
0.000000000000000000e+00
1.709401709401709574e-02
6.410256410256409687e-02
0.000000000000000000e+00
0.000000000000000000e+00
0.000000000000000000e+00
2.478632478632478708e-01
0.000000000000000000e+00
0.000000000000000000e+00
0.000000000000000000e+00
3.931623931623931534e-01
0.000000000000000000e+00
0.000000000000000000e+00
1.965811965811965767e-01
0.000000000000000000e+00
0.000000000000000000e+00
0.000000000000000000e+00
0.000000000000000000e+00
9.401709401709401615e-02
0.000000000000000000e+00
0.000000000000000000e+00
0.000000000000000000e+00
4.273504273504273934e-03
9.401709401709401615e-02
0.000000000000000000e+00
0.000000000000000000e+00
0.000000000000000000e+00
2.051282051282051211e-01
0.000000000000000000e+00
0.000000000000000000e+00
0.000000000000000000e+00
3.119658119658119677e-01
0.000000000000000000e+00
0.000000000000000000e+00
2.564102564102563875e-01
0.000000000000000000e+00
0.000000000000000000e+00
0.000000000000000000e+00
0.000000000000000000e+00
1.282051282051281937e-01
0.000000000000000000e+00
0.000000000000000000e+00
0.000000000000000000e+00
4.273504273504273934e-03
