7.278481012658227778e-01
6.455696202531645556e-01
5.822784810126582222e-01
0.000000000000000000e+00
0.000000000000000000e+00
0.000000000000000000e+00
5.379746835443037778e-01
6.962025316455696666e-01
6.708860759493671111e-01
7.215189873417721111e-01
5.886075949367088889e-01
3.481012658227848333e-01
0.000000000000000000e+00
0.000000000000000000e+00
0.000000000000000000e+00
3.164556962025316666e-01
6.455696202531645556e-01
7.594936708860760000e-01
6.962025316455696666e-01
6.012658227848101111e-01
3.734177215189873333e-01
0.000000000000000000e+00
0.000000000000000000e+00
0.000000000000000000e+00
3.607594936708860556e-01
6.582278481012657778e-01
7.088607594936708889e-01
6.772151898734176667e-01
6.265822784810126667e-01
4.430379746835442778e-01
0.000000000000000000e+00
0.000000000000000000e+00
0.000000000000000000e+00
5.063291139240506666e-01
6.139240506329114444e-01
7.658227848101265556e-01
6.518987341772152222e-01
5.886075949367088889e-01
3.481012658227848333e-01
0.000000000000000000e+00
0.000000000000000000e+00
0.000000000000000000e+00
3.734177215189873333e-01
7.025316455696202222e-01
7.468354430379746667e-01
7.278481012658227778e-01
6.012658227848101111e-01
3.417721518987341667e-01
0.000000000000000000e+00
0.000000000000000000e+00
0.000000000000000000e+00
3.544303797468354444e-01
6.012658227848101111e-01
6.898734177215190000e-01
6.202531645569620000e-01
6.392405063291138889e-01
3.417721518987341667e-01
0.000000000000000000e+00
0.000000000000000000e+00
0.000000000000000000e+00
2.658227848101265556e-01
6.012658227848101111e-01
7.215189873417721111e-01
7.151898734177215555e-01
6.329113924050633333e-01
2.531645569620253333e-01
0.000000000000000000e+00
0.000000000000000000e+00
0.000000000000000000e+00
2.151898734177215278e-01
6.392405063291138889e-01
6.962025316455696666e-01
6.898734177215190000e-01
6.392405063291138889e-01
2.151898734177215278e-01
0.000000000000000000e+00
0.000000000000000000e+00
0.000000000000000000e+00
2.405063291139240556e-01
5.822784810126582222e-01
6.329113924050633333e-01
6.772151898734176667e-01
5.506329113924051111e-01
2.974683544303797222e-01
0.000000000000000000e+00
0.000000000000000000e+00
0.000000000000000000e+00
2.215189873417721389e-01
6.265822784810126667e-01
6.455696202531645556e-01
7.341772151898734444e-01
6.455696202531645556e-01
2.278481012658227778e-01
0.000000000000000000e+00
0.000000000000000000e+00
0.000000000000000000e+00
1.898734177215190000e-01
5.759493670886075556e-01
5.316455696202531112e-01
6.075949367088607778e-01
6.012658227848101111e-01
1.962025316455696111e-01
0.000000000000000000e+00
0.000000000000000000e+00
0.000000000000000000e+00
1.582278481012658333e-01
5.126582278481012223e-01
6.265822784810126667e-01
6.265822784810126667e-01
5.316455696202531112e-01
2.025316455696202500e-01
0.000000000000000000e+00
0.000000000000000000e+00
0.000000000000000000e+00
1.645569620253164445e-01
5.253164556962025555e-01
6.518987341772152222e-01
6.012658227848101111e-01
5.189873417721518889e-01
1.582278481012658333e-01
0.000000000000000000e+00
0.000000000000000000e+00
0.000000000000000000e+00
1.708860759493670833e-01
5.189873417721518889e-01
6.518987341772152222e-01
5.696202531645570000e-01
5.000000000000000000e-01
1.582278481012658333e-01
0.000000000000000000e+00
0.000000000000000000e+00
0.000000000000000000e+00
1.582278481012658333e-01
5.063291139240506666e-01
6.075949367088607778e-01
5.632911392405063333e-01
7.594936708860760000e-01
4.430379746835442778e-01
0.000000000000000000e+00
0.000000000000000000e+00
0.000000000000000000e+00
4.683544303797468333e-01
6.518987341772152222e-01
6.202531645569620000e-01
