6.961325966850828717e-01
7.016574585635358963e-01
5.193370165745856415e-01
0.000000000000000000e+00
0.000000000000000000e+00
0.000000000000000000e+00
5.303867403314916906e-01
7.513812154696132284e-01
6.961325966850828717e-01
7.348066298342541547e-01
4.861878453038673831e-01
1.657458563535911533e-01
0.000000000000000000e+00
0.000000000000000000e+00
0.000000000000000000e+00
1.546961325966850764e-01
4.585635359116022047e-01
6.464088397790055396e-01
7.292817679558011301e-01
4.972375690607734877e-01
1.767955801104972302e-01
0.000000000000000000e+00
0.000000000000000000e+00
0.000000000000000000e+00
9.392265193370165355e-02
4.585635359116022047e-01
7.071823204419889208e-01
7.182320441988950810e-01
5.359116022099447152e-01
1.436464088397789995e-01
0.000000000000000000e+00
0.000000000000000000e+00
0.000000000000000000e+00
2.154696132596685132e-01
5.414364640883977398e-01
6.685082872928176378e-01
6.574585635359115887e-01
5.524861878453038999e-01
2.209944751381215378e-01
0.000000000000000000e+00
0.000000000000000000e+00
0.000000000000000000e+00
2.099447513812154609e-01
5.856353591160220473e-01
6.629834254143646133e-01
7.348066298342541547e-01
4.972375690607734877e-01
1.436464088397789995e-01
0.000000000000000000e+00
0.000000000000000000e+00
0.000000000000000000e+00
1.657458563535911533e-01
5.469613259668508753e-01
7.458563535911602038e-01
7.182320441988950810e-01
5.524861878453038999e-01
1.657458563535911533e-01
0.000000000000000000e+00
0.000000000000000000e+00
0.000000000000000000e+00
1.878453038674033071e-01
5.193370165745856415e-01
7.182320441988950810e-01
7.016574585635358963e-01
5.911602209944751829e-01
2.044198895027624363e-01
0.000000000000000000e+00
0.000000000000000000e+00
0.000000000000000000e+00
2.099447513812154609e-01
5.911602209944751829e-01
6.685082872928176378e-01
7.127071823204419454e-01
5.911602209944751829e-01
2.762430939226519500e-01
0.000000000000000000e+00
0.000000000000000000e+00
0.000000000000000000e+00
2.596685082872928207e-01
6.298342541436463549e-01
7.237569060773481056e-01
6.464088397790055396e-01
6.408839779005525150e-01
2.651933701657458453e-01
0.000000000000000000e+00
0.000000000000000000e+00
0.000000000000000000e+00
2.983425414364641037e-01
6.132596685082872812e-01
6.850828729281768226e-01
7.016574585635358963e-01
6.353591160220994905e-01
2.320441988950276146e-01
0.000000000000000000e+00
0.000000000000000000e+00
0.000000000000000000e+00
2.651933701657458453e-01
6.243093922651933303e-01
7.182320441988950810e-01
7.458563535911602038e-01
6.298342541436463549e-01
2.541436464088397962e-01
0.000000000000000000e+00
0.000000000000000000e+00
0.000000000000000000e+00
2.817679558011049745e-01
6.243093922651933303e-01
6.519337016574585641e-01
7.624309392265193885e-01
6.519337016574585641e-01
1.988950276243093840e-01
0.000000000000000000e+00
0.000000000000000000e+00
0.000000000000000000e+00
2.541436464088397962e-01
5.856353591160220473e-01
6.519337016574585641e-01
7.458563535911602038e-01
6.298342541436463549e-01
1.988950276243093840e-01
0.000000000000000000e+00
0.000000000000000000e+00
0.000000000000000000e+00
1.988950276243093840e-01
5.635359116022099490e-01
6.629834254143646133e-01
6.685082872928176378e-01
6.022099447513812320e-01
1.491712707182320519e-01
0.000000000000000000e+00
0.000000000000000000e+00
0.000000000000000000e+00
1.657458563535911533e-01
5.745856353591159982e-01
6.464088397790055396e-01
6.132596685082872812e-01
6.077348066298342566e-01
3.038674033149171283e-01
0.000000000000000000e+00
0.000000000000000000e+00
0.000000000000000000e+00
3.038674033149171283e-01
6.353591160220994905e-01
6.077348066298342566e-01
