6.190476190476190688e-01
7.619047619047618625e-01
5.714285714285713969e-01
0.000000000000000000e+00
0.000000000000000000e+00
0.000000000000000000e+00
3.809523809523809312e-01
6.984126984126983739e-01
5.714285714285713969e-01
6.984126984126983739e-01
5.873015873015873245e-01
7.936507936507936067e-02
0.000000000000000000e+00
0.000000000000000000e+00
0.000000000000000000e+00
6.349206349206348854e-02
3.809523809523809312e-01
7.460317460317460458e-01
7.142857142857143016e-01
6.349206349206348854e-01
1.746031746031745935e-01
0.000000000000000000e+00
0.000000000000000000e+00
0.000000000000000000e+00
2.222222222222222099e-01
5.555555555555555802e-01
6.031746031746031411e-01
6.984126984126983739e-01
6.984126984126983739e-01
1.904761904761904656e-01
0.000000000000000000e+00
0.000000000000000000e+00
0.000000000000000000e+00
2.063492063492063378e-01
6.190476190476190688e-01
6.666666666666666297e-01
7.777777777777777901e-01
5.873015873015873245e-01
2.380952380952380820e-01
0.000000000000000000e+00
0.000000000000000000e+00
0.000000000000000000e+00
2.380952380952380820e-01
6.507936507936508130e-01
7.142857142857143016e-01
6.349206349206348854e-01
5.396825396825396526e-01
2.857142857142856984e-01
0.000000000000000000e+00
0.000000000000000000e+00
0.000000000000000000e+00
3.492063492063491870e-01
6.349206349206348854e-01
6.507936507936508130e-01
7.301587301587301182e-01
6.507936507936508130e-01
3.650793650793650591e-01
0.000000000000000000e+00
0.000000000000000000e+00
0.000000000000000000e+00
1.428571428571428492e-01
6.031746031746031411e-01
6.031746031746031411e-01
6.349206349206348854e-01
6.190476190476190688e-01
3.968253968253968034e-01
0.000000000000000000e+00
0.000000000000000000e+00
0.000000000000000000e+00
4.126984126984126755e-01
7.301587301587301182e-01
7.460317460317460458e-01
7.619047619047618625e-01
7.142857142857143016e-01
3.333333333333333148e-01
0.000000000000000000e+00
0.000000000000000000e+00
0.000000000000000000e+00
3.492063492063491870e-01
7.301587301587301182e-01
7.142857142857143016e-01
7.301587301587301182e-01
6.031746031746031411e-01
2.857142857142856984e-01
0.000000000000000000e+00
0.000000000000000000e+00
0.000000000000000000e+00
2.539682539682539542e-01
5.396825396825396526e-01
7.301587301587301182e-01
7.301587301587301182e-01
6.190476190476190688e-01
3.174603174603174427e-01
0.000000000000000000e+00
0.000000000000000000e+00
0.000000000000000000e+00
2.380952380952380820e-01
6.031746031746031411e-01
8.571428571428570953e-01
7.777777777777777901e-01
6.031746031746031411e-01
2.063492063492063378e-01
0.000000000000000000e+00
0.000000000000000000e+00
0.000000000000000000e+00
2.222222222222222099e-01
4.603174603174602919e-01
7.142857142857143016e-01
7.142857142857143016e-01
6.666666666666666297e-01
2.698412698412698263e-01
0.000000000000000000e+00
0.000000000000000000e+00
0.000000000000000000e+00
2.698412698412698263e-01
6.349206349206348854e-01
7.142857142857143016e-01
6.825396825396825573e-01
5.714285714285713969e-01
3.492063492063491870e-01
0.000000000000000000e+00
0.000000000000000000e+00
0.000000000000000000e+00
3.968253968253968034e-01
5.238095238095238360e-01
7.619047619047618625e-01
7.936507936507936067e-01
5.079365079365079083e-01
2.539682539682539542e-01
0.000000000000000000e+00
0.000000000000000000e+00
0.000000000000000000e+00
3.174603174603174427e-01
4.920634920634920362e-01
7.619047619047618625e-01
7.142857142857143016e-01
6.825396825396825573e-01
4.761904761904761640e-01
0.000000000000000000e+00
0.000000000000000000e+00
0.000000000000000000e+00
3.492063492063491870e-01
6.031746031746031411e-01
6.190476190476190688e-01
