7.857142857142856984e-01
0.000000000000000000e+00
0.000000000000000000e+00
0.000000000000000000e+00
0.000000000000000000e+00
0.000000000000000000e+00
0.000000000000000000e+00
0.000000000000000000e+00
7.857142857142856984e-01
6.666666666666666297e-01
4.761904761904761640e-01
1.666666666666666574e-01
0.000000000000000000e+00
0.000000000000000000e+00
0.000000000000000000e+00
9.523809523809523281e-02
4.761904761904761640e-01
7.619047619047618625e-01
7.142857142857143016e-01
5.714285714285713969e-01
1.904761904761904656e-01
0.000000000000000000e+00
0.000000000000000000e+00
0.000000000000000000e+00
2.619047619047619180e-01
6.428571428571429047e-01
5.952380952380952328e-01
6.904761904761904656e-01
6.666666666666666297e-01
2.857142857142856984e-01
0.000000000000000000e+00
0.000000000000000000e+00
0.000000000000000000e+00
3.095238095238095344e-01
5.476190476190476719e-01
6.666666666666666297e-01
6.666666666666666297e-01
6.666666666666666297e-01
2.857142857142856984e-01
0.000000000000000000e+00
0.000000000000000000e+00
0.000000000000000000e+00
2.857142857142856984e-01
6.428571428571429047e-01
8.095238095238095344e-01
6.904761904761904656e-01
7.142857142857143016e-01
3.571428571428571508e-01
0.000000000000000000e+00
0.000000000000000000e+00
0.000000000000000000e+00
2.857142857142856984e-01
7.619047619047618625e-01
6.190476190476190688e-01
6.666666666666666297e-01
7.380952380952381375e-01
3.095238095238095344e-01
0.000000000000000000e+00
0.000000000000000000e+00
0.000000000000000000e+00
3.571428571428571508e-01
7.619047619047618625e-01
6.904761904761904656e-01
8.333333333333333703e-01
4.761904761904761640e-01
2.857142857142856984e-01
0.000000000000000000e+00
0.000000000000000000e+00
0.000000000000000000e+00
3.095238095238095344e-01
7.380952380952381375e-01
8.095238095238095344e-01
6.666666666666666297e-01
8.571428571428570953e-01
1.666666666666666574e-01
0.000000000000000000e+00
0.000000000000000000e+00
0.000000000000000000e+00
5.000000000000000000e-01
6.666666666666666297e-01
8.571428571428570953e-01
6.904761904761904656e-01
5.238095238095238360e-01
4.761904761904761640e-01
0.000000000000000000e+00
0.000000000000000000e+00
0.000000000000000000e+00
4.761904761904761640e-01
8.095238095238095344e-01
7.142857142857143016e-01
6.666666666666666297e-01
6.428571428571429047e-01
2.857142857142856984e-01
0.000000000000000000e+00
0.000000000000000000e+00
0.000000000000000000e+00
3.095238095238095344e-01
7.380952380952381375e-01
8.095238095238095344e-01
8.333333333333333703e-01
6.190476190476190688e-01
2.857142857142856984e-01
0.000000000000000000e+00
0.000000000000000000e+00
0.000000000000000000e+00
2.619047619047619180e-01
5.714285714285713969e-01
8.095238095238095344e-01
6.904761904761904656e-01
5.476190476190476719e-01
2.619047619047619180e-01
0.000000000000000000e+00
0.000000000000000000e+00
0.000000000000000000e+00
1.904761904761904656e-01
6.904761904761904656e-01
7.142857142857143016e-01
6.428571428571429047e-01
6.666666666666666297e-01
1.666666666666666574e-01
0.000000000000000000e+00
0.000000000000000000e+00
0.000000000000000000e+00
9.523809523809523281e-02
3.809523809523809312e-01
5.476190476190476719e-01
6.666666666666666297e-01
3.809523809523809312e-01
9.523809523809523281e-02
0.000000000000000000e+00
0.000000000000000000e+00
0.000000000000000000e+00
2.380952380952380820e-02
3.571428571428571508e-01
7.857142857142856984e-01
7.619047619047618625e-01
0.000000000000000000e+00
0.000000000000000000e+00
0.000000000000000000e+00
0.000000000000000000e+00
0.000000000000000000e+00
0.000000000000000000e+00
2.380952380952380820e-02
8.095238095238095344e-01
