1.269841269841269840e-02
0.000000000000000000e+00
1.460317460317460403e-01
0.000000000000000000e+00
2.603174603174603363e-01
0.000000000000000000e+00
2.571428571428571175e-01
0.000000000000000000e+00
1.777777777777777846e-01
0.000000000000000000e+00
0.000000000000000000e+00
1.047619047619047644e-01
0.000000000000000000e+00
3.492063492063492147e-02
0.000000000000000000e+00
6.349206349206349201e-03
0.000000000000000000e+00
0.000000000000000000e+00
0.000000000000000000e+00
0.000000000000000000e+00
0.000000000000000000e+00
1.587301587301587213e-02
0.000000000000000000e+00
6.031746031746031828e-02
0.000000000000000000e+00
1.968253968253968200e-01
0.000000000000000000e+00
2.952380952380952439e-01
0.000000000000000000e+00
2.253968253968254010e-01
0.000000000000000000e+00
0.000000000000000000e+00
1.492063492063492036e-01
0.000000000000000000e+00
3.809523809523809867e-02
0.000000000000000000e+00
1.269841269841269840e-02
0.000000000000000000e+00
6.349206349206349201e-03
0.000000000000000000e+00
0.000000000000000000e+00
0.000000000000000000e+00
4.126984126984126894e-02
0.000000000000000000e+00
1.269841269841269771e-01
0.000000000000000000e+00
2.095238095238095288e-01
0.000000000000000000e+00
2.317460317460317554e-01
0.000000000000000000e+00
1.968253968253968200e-01
0.000000000000000000e+00
0.000000000000000000e+00
1.269841269841269771e-01
0.000000000000000000e+00
4.126984126984126894e-02
0.000000000000000000e+00
2.222222222222222307e-02
0.000000000000000000e+00
3.174603174603174600e-03
0.000000000000000000e+00
0.000000000000000000e+00
0.000000000000000000e+00
9.206349206349206948e-02
0.000000000000000000e+00
1.365079365079364948e-01
0.000000000000000000e+00
1.968253968253968200e-01
0.000000000000000000e+00
2.634920634920634996e-01
0.000000000000000000e+00
1.650793650793650758e-01
0.000000000000000000e+00
0.000000000000000000e+00
9.841269841269841001e-02
0.000000000000000000e+00
4.126984126984126894e-02
0.000000000000000000e+00
6.349206349206349201e-03
0.000000000000000000e+00
0.000000000000000000e+00
0.000000000000000000e+00
0.000000000000000000e+00
0.000000000000000000e+00
1.587301587301587213e-02
0.000000000000000000e+00
7.619047619047619735e-02
0.000000000000000000e+00
1.587301587301587213e-01
0.000000000000000000e+00
1.936507936507936567e-01
0.000000000000000000e+00
2.380952380952380820e-01
0.000000000000000000e+00
0.000000000000000000e+00
1.714285714285714302e-01
0.000000000000000000e+00
9.206349206349206948e-02
0.000000000000000000e+00
4.126984126984126894e-02
0.000000000000000000e+00
1.269841269841269840e-02
0.000000000000000000e+00
0.000000000000000000e+00
0.000000000000000000e+00
6.349206349206349201e-03
0.000000000000000000e+00
5.714285714285714107e-02
0.000000000000000000e+00
1.142857142857142821e-01
0.000000000000000000e+00
1.714285714285714302e-01
0.000000000000000000e+00
2.825396825396825351e-01
0.000000000000000000e+00
0.000000000000000000e+00
1.746031746031745935e-01
0.000000000000000000e+00
1.301587301587301682e-01
0.000000000000000000e+00
5.396825396825397081e-02
0.000000000000000000e+00
9.523809523809524669e-03
0.000000000000000000e+00
0.000000000000000000e+00
0.000000000000000000e+00
9.523809523809524669e-03
0.000000000000000000e+00
4.444444444444444614e-02
0.000000000000000000e+00
1.428571428571428492e-01
0.000000000000000000e+00
2.253968253968254010e-01
0.000000000000000000e+00
2.730158730158729896e-01
0.000000000000000000e+00
0.000000000000000000e+00
1.841269841269841390e-01
0.000000000000000000e+00
8.888888888888889228e-02
0.000000000000000000e+00
2.539682539682539680e-02
0.000000000000000000e+00
6.349206349206349201e-03
0.000000000000000000e+00
0.000000000000000000e+00
0.000000000000000000e+00
1.587301587301587213e-02
0.000000000000000000e+00
1.015873015873015872e-01
0.000000000000000000e+00
1.396825396825396859e-01
0.000000000000000000e+00
2.539682539682539542e-01
0.000000000000000000e+00
2.158730158730158832e-01
0.000000000000000000e+00
0.000000000000000000e+00
1.492063492063492036e-01
0.000000000000000000e+00
8.888888888888889228e-02
0.000000000000000000e+00
3.174603174603174427e-02
0.000000000000000000e+00
3.174603174603174600e-03
0.000000000000000000e+00
0.000000000000000000e+00
0.000000000000000000e+00
1.269841269841269840e-02
0.000000000000000000e+00
5.396825396825397081e-02
0.000000000000000000e+00
1.492063492063492036e-01
0.000000000000000000e+00
2.571428571428571175e-01
0.000000000000000000e+00
2.222222222222222099e-01
0.000000000000000000e+00
0.000000000000000000e+00
2.126984126984126922e-01
0.000000000000000000e+00
7.619047619047619735e-02
0.000000000000000000e+00
1.269841269841269840e-02
0.000000000000000000e+00
3.174603174603174600e-03
0.000000000000000000e+00
0.000000000000000000e+00
0.000000000000000000e+00
3.174603174603174600e-03
0.000000000000000000e+00
1.587301587301587213e-02
0.000000000000000000e+00
9.841269841269841001e-02
0.000000000000000000e+00
1.142857142857142821e-01
0.000000000000000000e+00
2.126984126984126922e-01
0.000000000000000000e+00
0.000000000000000000e+00
2.317460317460317554e-01
0.000000000000000000e+00
2.222222222222222099e-01
0.000000000000000000e+00
8.253968253968253788e-02
0.000000000000000000e+00
1.904761904761904934e-02
0.000000000000000000e+00
0.000000000000000000e+00
0.000000000000000000e+00
6.349206349206349201e-03
0.000000000000000000e+00
9.523809523809524669e-03
0.000000000000000000e+00
1.047619047619047644e-01
0.000000000000000000e+00
1.809523809523809479e-01
0.000000000000000000e+00
2.730158730158729896e-01
0.000000000000000000e+00
0.000000000000000000e+00
1.841269841269841390e-01
0.000000000000000000e+00
1.714285714285714302e-01
0.000000000000000000e+00
6.031746031746031828e-02
0.000000000000000000e+00
9.523809523809524669e-03
0.000000000000000000e+00
0.000000000000000000e+00
0.000000000000000000e+00
9.523809523809524669e-03
0.000000000000000000e+00
1.111111111111111049e-01
0.000000000000000000e+00
1.746031746031745935e-01
0.000000000000000000e+00
2.666666666666666630e-01
0.000000000000000000e+00
2.063492063492063378e-01
0.000000000000000000e+00
0.000000000000000000e+00
1.396825396825396859e-01
0.000000000000000000e+00
5.714285714285714107e-02
0.000000000000000000e+00
2.857142857142857054e-02
0.000000000000000000e+00
6.349206349206349201e-03
0.000000000000000000e+00
0.000000000000000000e+00
0.000000000000000000e+00
