1.174603174603174593e-01
1.269841269841269771e-01
7.619047619047619735e-02
3.492063492063492147e-02
6.666666666666666574e-02
1.269841269841269771e-01
1.047619047619047644e-01
6.984126984126984294e-02
1.047619047619047644e-01
7.619047619047619735e-02
7.936507936507936067e-02
1.269841269841269840e-02
3.174603174603174600e-03
0.000000000000000000e+00
0.000000000000000000e+00
0.000000000000000000e+00
0.000000000000000000e+00
0.000000000000000000e+00
0.000000000000000000e+00
0.000000000000000000e+00
0.000000000000000000e+00
1.587301587301587213e-02
1.111111111111111049e-01
1.111111111111111049e-01
4.444444444444444614e-02
3.174603174603174427e-02
8.571428571428571508e-02
1.206349206349206366e-01
7.936507936507936067e-02
9.841269841269841001e-02
1.333333333333333315e-01
8.253968253968253788e-02
6.984126984126984294e-02
1.587301587301587213e-02
0.000000000000000000e+00
0.000000000000000000e+00
0.000000000000000000e+00
0.000000000000000000e+00
0.000000000000000000e+00
0.000000000000000000e+00
0.000000000000000000e+00
0.000000000000000000e+00
3.174603174603174427e-02
1.333333333333333315e-01
1.079365079365079416e-01
2.539682539682539680e-02
4.444444444444444614e-02
6.666666666666666574e-02
8.888888888888889228e-02
6.666666666666666574e-02
9.206349206349206948e-02
7.301587301587302015e-02
1.301587301587301682e-01
8.571428571428571508e-02
3.174603174603174427e-02
1.587301587301587213e-02
6.349206349206349201e-03
0.000000000000000000e+00
0.000000000000000000e+00
0.000000000000000000e+00
0.000000000000000000e+00
0.000000000000000000e+00
0.000000000000000000e+00
1.047619047619047644e-01
1.015873015873015872e-01
1.111111111111111049e-01
3.174603174603174427e-02
6.666666666666666574e-02
1.079365079365079416e-01
8.888888888888889228e-02
6.349206349206348854e-02
1.015873015873015872e-01
8.571428571428571508e-02
6.984126984126984294e-02
6.349206349206348854e-02
0.000000000000000000e+00
3.174603174603174600e-03
0.000000000000000000e+00
0.000000000000000000e+00
0.000000000000000000e+00
0.000000000000000000e+00
0.000000000000000000e+00
0.000000000000000000e+00
0.000000000000000000e+00
0.000000000000000000e+00
0.000000000000000000e+00
0.000000000000000000e+00
3.174603174603174600e-03
6.349206349206349201e-03
5.396825396825397081e-02
1.238095238095238138e-01
1.301587301587301682e-01
2.888888888888888618e-01
1.968253968253968200e-01
1.428571428571428492e-01
5.079365079365079361e-02
3.174603174603174600e-03
0.000000000000000000e+00
0.000000000000000000e+00
0.000000000000000000e+00
0.000000000000000000e+00
0.000000000000000000e+00
0.000000000000000000e+00
0.000000000000000000e+00
0.000000000000000000e+00
0.000000000000000000e+00
0.000000000000000000e+00
0.000000000000000000e+00
0.000000000000000000e+00
0.000000000000000000e+00
0.000000000000000000e+00
2.857142857142857054e-02
6.666666666666666574e-02
2.158730158730158832e-01
2.825396825396825351e-01
2.476190476190476275e-01
1.301587301587301682e-01
2.539682539682539680e-02
3.174603174603174600e-03
0.000000000000000000e+00
0.000000000000000000e+00
0.000000000000000000e+00
0.000000000000000000e+00
0.000000000000000000e+00
0.000000000000000000e+00
0.000000000000000000e+00
0.000000000000000000e+00
0.000000000000000000e+00
0.000000000000000000e+00
0.000000000000000000e+00
3.174603174603174600e-03
1.904761904761904934e-02
6.984126984126984294e-02
1.079365079365079416e-01
1.841269841269841390e-01
2.920634920634920806e-01
1.904761904761904656e-01
9.841269841269841001e-02
3.492063492063492147e-02
0.000000000000000000e+00
0.000000000000000000e+00
0.000000000000000000e+00
0.000000000000000000e+00
0.000000000000000000e+00
0.000000000000000000e+00
0.000000000000000000e+00
0.000000000000000000e+00
0.000000000000000000e+00
0.000000000000000000e+00
0.000000000000000000e+00
3.174603174603174600e-03
9.523809523809524669e-03
7.936507936507936067e-02
1.555555555555555580e-01
1.206349206349206366e-01
2.349206349206349187e-01
1.873015873015873023e-01
1.428571428571428492e-01
5.079365079365079361e-02
1.269841269841269840e-02
3.174603174603174600e-03
0.000000000000000000e+00
0.000000000000000000e+00
0.000000000000000000e+00
0.000000000000000000e+00
0.000000000000000000e+00
0.000000000000000000e+00
0.000000000000000000e+00
0.000000000000000000e+00
0.000000000000000000e+00
0.000000000000000000e+00
0.000000000000000000e+00
0.000000000000000000e+00
4.761904761904761640e-02
8.888888888888889228e-02
1.111111111111111049e-01
2.000000000000000111e-01
2.380952380952380820e-01
1.777777777777777846e-01
1.111111111111111049e-01
1.587301587301587213e-02
9.523809523809524669e-03
0.000000000000000000e+00
0.000000000000000000e+00
0.000000000000000000e+00
0.000000000000000000e+00
0.000000000000000000e+00
0.000000000000000000e+00
0.000000000000000000e+00
0.000000000000000000e+00
0.000000000000000000e+00
0.000000000000000000e+00
0.000000000000000000e+00
0.000000000000000000e+00
3.174603174603174600e-03
2.857142857142857054e-02
3.809523809523809867e-02
1.365079365079364948e-01
2.920634920634920806e-01
2.634920634920634996e-01
1.777777777777777846e-01
3.492063492063492147e-02
2.539682539682539680e-02
0.000000000000000000e+00
0.000000000000000000e+00
0.000000000000000000e+00
0.000000000000000000e+00
0.000000000000000000e+00
0.000000000000000000e+00
0.000000000000000000e+00
0.000000000000000000e+00
0.000000000000000000e+00
0.000000000000000000e+00
0.000000000000000000e+00
0.000000000000000000e+00
6.349206349206349201e-03
6.666666666666666574e-02
5.714285714285714107e-02
2.031746031746031744e-01
2.698412698412698263e-01
2.698412698412698263e-01
1.047619047619047644e-01
1.904761904761904934e-02
3.174603174603174600e-03
0.000000000000000000e+00
0.000000000000000000e+00
0.000000000000000000e+00
0.000000000000000000e+00
0.000000000000000000e+00
0.000000000000000000e+00
0.000000000000000000e+00
0.000000000000000000e+00
0.000000000000000000e+00
0.000000000000000000e+00
3.174603174603174600e-03
6.349206349206349201e-03
4.444444444444444614e-02
1.111111111111111049e-01
9.206349206349206948e-02
2.285714285714285643e-01
2.253968253968254010e-01
1.873015873015873023e-01
9.206349206349206948e-02
6.349206349206349201e-03
3.174603174603174600e-03
0.000000000000000000e+00
0.000000000000000000e+00
0.000000000000000000e+00
0.000000000000000000e+00
0.000000000000000000e+00
0.000000000000000000e+00
0.000000000000000000e+00
