0.000000000000000000e+00
0.000000000000000000e+00
0.000000000000000000e+00
0.000000000000000000e+00
0.000000000000000000e+00
0.000000000000000000e+00
1.904761904761904934e-02
6.984126984126984294e-02
1.650793650793650758e-01
2.666666666666666630e-01
2.793650793650793718e-01
1.365079365079364948e-01
5.079365079365079361e-02
9.523809523809524669e-03
3.174603174603174600e-03
0.000000000000000000e+00
0.000000000000000000e+00
0.000000000000000000e+00
0.000000000000000000e+00
0.000000000000000000e+00
0.000000000000000000e+00
0.000000000000000000e+00
0.000000000000000000e+00
0.000000000000000000e+00
0.000000000000000000e+00
0.000000000000000000e+00
0.000000000000000000e+00
1.269841269841269840e-02
6.349206349206348854e-02
2.190476190476190466e-01
2.507936507936507908e-01
2.920634920634920806e-01
1.301587301587301682e-01
2.857142857142857054e-02
3.174603174603174600e-03
0.000000000000000000e+00
0.000000000000000000e+00
0.000000000000000000e+00
0.000000000000000000e+00
0.000000000000000000e+00
0.000000000000000000e+00
0.000000000000000000e+00
0.000000000000000000e+00
0.000000000000000000e+00
0.000000000000000000e+00
0.000000000000000000e+00
0.000000000000000000e+00
0.000000000000000000e+00
3.174603174603174600e-03
9.523809523809524669e-03
1.206349206349206366e-01
2.285714285714285643e-01
4.380952380952380931e-01
1.714285714285714302e-01
2.857142857142857054e-02
0.000000000000000000e+00
0.000000000000000000e+00
0.000000000000000000e+00
0.000000000000000000e+00
0.000000000000000000e+00
0.000000000000000000e+00
0.000000000000000000e+00
0.000000000000000000e+00
0.000000000000000000e+00
6.349206349206349201e-03
6.349206349206349201e-03
6.349206349206348854e-02
1.142857142857142821e-01
1.650793650793650758e-01
1.777777777777777846e-01
1.396825396825396859e-01
1.238095238095238138e-01
8.253968253968253788e-02
8.888888888888889228e-02
2.857142857142857054e-02
3.174603174603174600e-03
0.000000000000000000e+00
0.000000000000000000e+00
0.000000000000000000e+00
0.000000000000000000e+00
0.000000000000000000e+00
0.000000000000000000e+00
0.000000000000000000e+00
0.000000000000000000e+00
0.000000000000000000e+00
0.000000000000000000e+00
0.000000000000000000e+00
0.000000000000000000e+00
0.000000000000000000e+00
0.000000000000000000e+00
0.000000000000000000e+00
1.904761904761904934e-02
4.126984126984126894e-02
6.349206349206348854e-02
2.761904761904762085e-01
3.142857142857142794e-01
2.031746031746031744e-01
7.619047619047619735e-02
6.349206349206349201e-03
0.000000000000000000e+00
0.000000000000000000e+00
0.000000000000000000e+00
0.000000000000000000e+00
0.000000000000000000e+00
0.000000000000000000e+00
0.000000000000000000e+00
0.000000000000000000e+00
0.000000000000000000e+00
0.000000000000000000e+00
0.000000000000000000e+00
0.000000000000000000e+00
0.000000000000000000e+00
6.349206349206349201e-03
3.809523809523809867e-02
1.174603174603174593e-01
2.476190476190476275e-01
3.079365079365079527e-01
2.253968253968254010e-01
5.714285714285714107e-02
0.000000000000000000e+00
0.000000000000000000e+00
0.000000000000000000e+00
0.000000000000000000e+00
0.000000000000000000e+00
0.000000000000000000e+00
0.000000000000000000e+00
0.000000000000000000e+00
0.000000000000000000e+00
0.000000000000000000e+00
0.000000000000000000e+00
0.000000000000000000e+00
0.000000000000000000e+00
3.174603174603174600e-03
1.904761904761904934e-02
1.238095238095238138e-01
1.396825396825396859e-01
3.174603174603174427e-01
2.539682539682539542e-01
1.301587301587301682e-01
1.269841269841269840e-02
0.000000000000000000e+00
0.000000000000000000e+00
0.000000000000000000e+00
0.000000000000000000e+00
0.000000000000000000e+00
0.000000000000000000e+00
0.000000000000000000e+00
0.000000000000000000e+00
0.000000000000000000e+00
0.000000000000000000e+00
0.000000000000000000e+00
3.174603174603174600e-03
9.206349206349206948e-02
1.174603174603174593e-01
1.555555555555555580e-01
1.746031746031745935e-01
1.841269841269841390e-01
1.682539682539682668e-01
9.206349206349206948e-02
1.269841269841269840e-02
0.000000000000000000e+00
0.000000000000000000e+00
0.000000000000000000e+00
0.000000000000000000e+00
0.000000000000000000e+00
0.000000000000000000e+00
0.000000000000000000e+00
0.000000000000000000e+00
0.000000000000000000e+00
0.000000000000000000e+00
3.174603174603174600e-03
4.126984126984126894e-02
8.253968253968253788e-02
1.682539682539682668e-01
2.349206349206349187e-01
1.428571428571428492e-01
9.206349206349206948e-02
6.666666666666666574e-02
6.031746031746031828e-02
6.031746031746031828e-02
3.809523809523809867e-02
9.523809523809524669e-03
0.000000000000000000e+00
0.000000000000000000e+00
0.000000000000000000e+00
0.000000000000000000e+00
0.000000000000000000e+00
0.000000000000000000e+00
0.000000000000000000e+00
0.000000000000000000e+00
0.000000000000000000e+00
0.000000000000000000e+00
1.269841269841269840e-02
5.714285714285714107e-02
1.206349206349206366e-01
2.285714285714285643e-01
2.190476190476190466e-01
1.809523809523809479e-01
8.253968253968253788e-02
6.666666666666666574e-02
1.587301587301587213e-02
1.269841269841269840e-02
3.174603174603174600e-03
0.000000000000000000e+00
0.000000000000000000e+00
0.000000000000000000e+00
0.000000000000000000e+00
0.000000000000000000e+00
0.000000000000000000e+00
0.000000000000000000e+00
0.000000000000000000e+00
0.000000000000000000e+00
9.523809523809524669e-03
3.809523809523809867e-02
8.253968253968253788e-02
1.174603174603174593e-01
1.523809523809523947e-01
1.714285714285714302e-01
1.428571428571428492e-01
9.206349206349206948e-02
9.206349206349206948e-02
6.666666666666666574e-02
2.222222222222222307e-02
1.269841269841269840e-02
0.000000000000000000e+00
0.000000000000000000e+00
0.000000000000000000e+00
0.000000000000000000e+00
0.000000000000000000e+00
0.000000000000000000e+00
0.000000000000000000e+00
0.000000000000000000e+00
0.000000000000000000e+00
0.000000000000000000e+00
0.000000000000000000e+00
0.000000000000000000e+00
0.000000000000000000e+00
0.000000000000000000e+00
2.539682539682539680e-02
1.682539682539682668e-01
2.158730158730158832e-01
3.714285714285714413e-01
1.777777777777777846e-01
4.126984126984126894e-02
0.000000000000000000e+00
0.000000000000000000e+00
0.000000000000000000e+00
0.000000000000000000e+00
0.000000000000000000e+00
0.000000000000000000e+00
0.000000000000000000e+00
0.000000000000000000e+00
