1.111111111111111049e-01
0.000000000000000000e+00
0.000000000000000000e+00
2.793650793650793718e-01
0.000000000000000000e+00
0.000000000000000000e+00
2.952380952380952439e-01
0.000000000000000000e+00
0.000000000000000000e+00
0.000000000000000000e+00
2.095238095238095288e-01
0.000000000000000000e+00
0.000000000000000000e+00
8.253968253968253788e-02
0.000000000000000000e+00
0.000000000000000000e+00
1.904761904761904934e-02
0.000000000000000000e+00
0.000000000000000000e+00
0.000000000000000000e+00
3.174603174603174600e-03
9.841269841269841001e-02
0.000000000000000000e+00
0.000000000000000000e+00
2.793650793650793718e-01
0.000000000000000000e+00
0.000000000000000000e+00
2.444444444444444364e-01
0.000000000000000000e+00
0.000000000000000000e+00
0.000000000000000000e+00
2.285714285714285643e-01
0.000000000000000000e+00
0.000000000000000000e+00
1.079365079365079416e-01
0.000000000000000000e+00
0.000000000000000000e+00
3.492063492063492147e-02
0.000000000000000000e+00
0.000000000000000000e+00
0.000000000000000000e+00
6.349206349206349201e-03
1.174603174603174593e-01
0.000000000000000000e+00
0.000000000000000000e+00
2.031746031746031744e-01
0.000000000000000000e+00
0.000000000000000000e+00
2.507936507936507908e-01
0.000000000000000000e+00
0.000000000000000000e+00
0.000000000000000000e+00
2.507936507936507908e-01
0.000000000000000000e+00
0.000000000000000000e+00
1.238095238095238138e-01
0.000000000000000000e+00
0.000000000000000000e+00
5.079365079365079361e-02
0.000000000000000000e+00
0.000000000000000000e+00
0.000000000000000000e+00
3.174603174603174600e-03
2.539682539682539680e-02
0.000000000000000000e+00
0.000000000000000000e+00
2.603174603174603363e-01
0.000000000000000000e+00
0.000000000000000000e+00
2.984126984126984072e-01
0.000000000000000000e+00
0.000000000000000000e+00
0.000000000000000000e+00
2.634920634920634996e-01
0.000000000000000000e+00
0.000000000000000000e+00
1.365079365079364948e-01
0.000000000000000000e+00
0.000000000000000000e+00
1.587301587301587213e-02
0.000000000000000000e+00
0.000000000000000000e+00
0.000000000000000000e+00
0.000000000000000000e+00
3.492063492063492147e-02
0.000000000000000000e+00
0.000000000000000000e+00
1.333333333333333315e-01
0.000000000000000000e+00
0.000000000000000000e+00
2.412698412698412731e-01
0.000000000000000000e+00
0.000000000000000000e+00
0.000000000000000000e+00
2.571428571428571175e-01
0.000000000000000000e+00
0.000000000000000000e+00
2.190476190476190466e-01
0.000000000000000000e+00
0.000000000000000000e+00
9.841269841269841001e-02
0.000000000000000000e+00
0.000000000000000000e+00
0.000000000000000000e+00
1.587301587301587213e-02
2.857142857142857054e-02
0.000000000000000000e+00
0.000000000000000000e+00
1.492063492063492036e-01
0.000000000000000000e+00
0.000000000000000000e+00
2.698412698412698263e-01
0.000000000000000000e+00
0.000000000000000000e+00
0.000000000000000000e+00
2.825396825396825351e-01
0.000000000000000000e+00
0.000000000000000000e+00
1.904761904761904656e-01
0.000000000000000000e+00
0.000000000000000000e+00
6.031746031746031828e-02
0.000000000000000000e+00
0.000000000000000000e+00
0.000000000000000000e+00
1.904761904761904934e-02
1.904761904761904934e-02
0.000000000000000000e+00
0.000000000000000000e+00
1.333333333333333315e-01
0.000000000000000000e+00
0.000000000000000000e+00
3.047619047619047894e-01
0.000000000000000000e+00
0.000000000000000000e+00
0.000000000000000000e+00
2.888888888888888618e-01
0.000000000000000000e+00
0.000000000000000000e+00
1.777777777777777846e-01
0.000000000000000000e+00
0.000000000000000000e+00
7.301587301587302015e-02
0.000000000000000000e+00
0.000000000000000000e+00
0.000000000000000000e+00
3.174603174603174600e-03
3.809523809523809867e-02
0.000000000000000000e+00
0.000000000000000000e+00
1.904761904761904656e-01
0.000000000000000000e+00
0.000000000000000000e+00
3.269841269841269882e-01
0.000000000000000000e+00
0.000000000000000000e+00
0.000000000000000000e+00
2.476190476190476275e-01
0.000000000000000000e+00
0.000000000000000000e+00
1.523809523809523947e-01
0.000000000000000000e+00
0.000000000000000000e+00
3.809523809523809867e-02
0.000000000000000000e+00
0.000000000000000000e+00
0.000000000000000000e+00
6.349206349206349201e-03
8.571428571428571508e-02
0.000000000000000000e+00
0.000000000000000000e+00
2.095238095238095288e-01
0.000000000000000000e+00
0.000000000000000000e+00
3.015873015873015706e-01
0.000000000000000000e+00
0.000000000000000000e+00
0.000000000000000000e+00
2.317460317460317554e-01
0.000000000000000000e+00
0.000000000000000000e+00
1.238095238095238138e-01
0.000000000000000000e+00
0.000000000000000000e+00
4.126984126984126894e-02
0.000000000000000000e+00
0.000000000000000000e+00
0.000000000000000000e+00
6.349206349206349201e-03
2.857142857142857054e-02
0.000000000000000000e+00
0.000000000000000000e+00
1.238095238095238138e-01
0.000000000000000000e+00
0.000000000000000000e+00
2.825396825396825351e-01
0.000000000000000000e+00
0.000000000000000000e+00
0.000000000000000000e+00
3.492063492063491870e-01
0.000000000000000000e+00
0.000000000000000000e+00
1.523809523809523947e-01
0.000000000000000000e+00
0.000000000000000000e+00
5.396825396825397081e-02
0.000000000000000000e+00
0.000000000000000000e+00
0.000000000000000000e+00
9.523809523809524669e-03
1.587301587301587213e-02
0.000000000000000000e+00
0.000000000000000000e+00
9.841269841269841001e-02
0.000000000000000000e+00
0.000000000000000000e+00
2.539682539682539542e-01
0.000000000000000000e+00
0.000000000000000000e+00
0.000000000000000000e+00
3.174603174603174427e-01
0.000000000000000000e+00
0.000000000000000000e+00
2.444444444444444364e-01
0.000000000000000000e+00
0.000000000000000000e+00
6.031746031746031828e-02
0.000000000000000000e+00
0.000000000000000000e+00
0.000000000000000000e+00
9.523809523809524669e-03
1.111111111111111049e-01
0.000000000000000000e+00
0.000000000000000000e+00
2.317460317460317554e-01
0.000000000000000000e+00
0.000000000000000000e+00
2.730158730158729896e-01
0.000000000000000000e+00
0.000000000000000000e+00
0.000000000000000000e+00
2.476190476190476275e-01
0.000000000000000000e+00
0.000000000000000000e+00
1.111111111111111049e-01
0.000000000000000000e+00
0.000000000000000000e+00
2.222222222222222307e-02
0.000000000000000000e+00
0.000000000000000000e+00
0.000000000000000000e+00
3.174603174603174600e-03
