0.000000000000000000e+00
0.000000000000000000e+00
1.269841269841269840e-02
5.079365079365079361e-02
1.174603174603174593e-01
2.730158730158729896e-01
2.825396825396825351e-01
1.936507936507936567e-01
5.396825396825397081e-02
9.523809523809524669e-03
6.349206349206349201e-03
0.000000000000000000e+00
0.000000000000000000e+00
0.000000000000000000e+00
0.000000000000000000e+00
0.000000000000000000e+00
0.000000000000000000e+00
0.000000000000000000e+00
0.000000000000000000e+00
0.000000000000000000e+00
0.000000000000000000e+00
0.000000000000000000e+00
0.000000000000000000e+00
0.000000000000000000e+00
1.904761904761904934e-02
6.031746031746031828e-02
1.873015873015873023e-01
2.412698412698412731e-01
2.539682539682539542e-01
1.777777777777777846e-01
5.079365079365079361e-02
6.349206349206349201e-03
3.174603174603174600e-03
0.000000000000000000e+00
0.000000000000000000e+00
0.000000000000000000e+00
0.000000000000000000e+00
0.000000000000000000e+00
0.000000000000000000e+00
0.000000000000000000e+00
0.000000000000000000e+00
0.000000000000000000e+00
0.000000000000000000e+00
0.000000000000000000e+00
0.000000000000000000e+00
2.222222222222222307e-02
8.253968253968253788e-02
2.285714285714285643e-01
2.952380952380952439e-01
2.000000000000000111e-01
1.174603174603174593e-01
5.079365079365079361e-02
0.000000000000000000e+00
3.174603174603174600e-03
0.000000000000000000e+00
0.000000000000000000e+00
0.000000000000000000e+00
0.000000000000000000e+00
0.000000000000000000e+00
0.000000000000000000e+00
0.000000000000000000e+00
0.000000000000000000e+00
0.000000000000000000e+00
0.000000000000000000e+00
0.000000000000000000e+00
1.269841269841269840e-02
5.714285714285714107e-02
1.428571428571428492e-01
2.222222222222222099e-01
2.634920634920634996e-01
1.936507936507936567e-01
8.571428571428571508e-02
1.587301587301587213e-02
6.349206349206349201e-03
0.000000000000000000e+00
0.000000000000000000e+00
0.000000000000000000e+00
0.000000000000000000e+00
0.000000000000000000e+00
0.000000000000000000e+00
0.000000000000000000e+00
0.000000000000000000e+00
0.000000000000000000e+00
0.000000000000000000e+00
0.000000000000000000e+00
0.000000000000000000e+00
0.000000000000000000e+00
9.523809523809524669e-03
5.396825396825397081e-02
1.079365079365079416e-01
2.126984126984126922e-01
2.507936507936507908e-01
2.285714285714285643e-01
1.047619047619047644e-01
1.904761904761904934e-02
9.523809523809524669e-03
3.174603174603174600e-03
0.000000000000000000e+00
0.000000000000000000e+00
0.000000000000000000e+00
0.000000000000000000e+00
0.000000000000000000e+00
0.000000000000000000e+00
0.000000000000000000e+00
0.000000000000000000e+00
0.000000000000000000e+00
0.000000000000000000e+00
0.000000000000000000e+00
0.000000000000000000e+00
3.174603174603174600e-03
1.904761904761904934e-02
1.301587301587301682e-01
2.507936507936507908e-01
3.269841269841269882e-01
1.746031746031745935e-01
6.666666666666666574e-02
2.539682539682539680e-02
3.174603174603174600e-03
0.000000000000000000e+00
0.000000000000000000e+00
0.000000000000000000e+00
0.000000000000000000e+00
0.000000000000000000e+00
0.000000000000000000e+00
0.000000000000000000e+00
0.000000000000000000e+00
0.000000000000000000e+00
0.000000000000000000e+00
0.000000000000000000e+00
0.000000000000000000e+00
3.174603174603174600e-03
0.000000000000000000e+00
7.301587301587302015e-02
2.349206349206349187e-01
3.206349206349206615e-01
2.285714285714285643e-01
1.015873015873015872e-01
3.174603174603174427e-02
6.349206349206349201e-03
0.000000000000000000e+00
0.000000000000000000e+00
0.000000000000000000e+00
0.000000000000000000e+00
0.000000000000000000e+00
0.000000000000000000e+00
0.000000000000000000e+00
0.000000000000000000e+00
0.000000000000000000e+00
0.000000000000000000e+00
0.000000000000000000e+00
6.349206349206349201e-03
2.857142857142857054e-02
5.714285714285714107e-02
1.777777777777777846e-01
2.158730158730158832e-01
3.174603174603174427e-01
1.238095238095238138e-01
5.714285714285714107e-02
1.587301587301587213e-02
0.000000000000000000e+00
0.000000000000000000e+00
0.000000000000000000e+00
0.000000000000000000e+00
0.000000000000000000e+00
0.000000000000000000e+00
0.000000000000000000e+00
0.000000000000000000e+00
0.000000000000000000e+00
0.000000000000000000e+00
0.000000000000000000e+00
0.000000000000000000e+00
0.000000000000000000e+00
2.539682539682539680e-02
1.015873015873015872e-01
2.126984126984126922e-01
2.285714285714285643e-01
2.698412698412698263e-01
1.174603174603174593e-01
4.444444444444444614e-02
0.000000000000000000e+00
0.000000000000000000e+00
0.000000000000000000e+00
0.000000000000000000e+00
0.000000000000000000e+00
0.000000000000000000e+00
0.000000000000000000e+00
0.000000000000000000e+00
0.000000000000000000e+00
0.000000000000000000e+00
0.000000000000000000e+00
0.000000000000000000e+00
0.000000000000000000e+00
0.000000000000000000e+00
0.000000000000000000e+00
3.174603174603174600e-03
4.444444444444444614e-02
2.063492063492063378e-01
2.984126984126984072e-01
2.857142857142856984e-01
1.142857142857142821e-01
2.857142857142857054e-02
1.587301587301587213e-02
3.174603174603174600e-03
0.000000000000000000e+00
0.000000000000000000e+00
0.000000000000000000e+00
0.000000000000000000e+00
0.000000000000000000e+00
0.000000000000000000e+00
0.000000000000000000e+00
0.000000000000000000e+00
0.000000000000000000e+00
0.000000000000000000e+00
0.000000000000000000e+00
0.000000000000000000e+00
6.349206349206349201e-03
2.539682539682539680e-02
1.555555555555555580e-01
3.111111111111111160e-01
2.666666666666666630e-01
1.619047619047619124e-01
6.349206349206348854e-02
9.523809523809524669e-03
0.000000000000000000e+00
0.000000000000000000e+00
0.000000000000000000e+00
0.000000000000000000e+00
0.000000000000000000e+00
0.000000000000000000e+00
0.000000000000000000e+00
0.000000000000000000e+00
0.000000000000000000e+00
0.000000000000000000e+00
0.000000000000000000e+00
3.174603174603174600e-03
6.349206349206349201e-03
1.587301587301587213e-02
5.714285714285714107e-02
2.222222222222222099e-01
3.142857142857142794e-01
2.793650793650793718e-01
8.253968253968253788e-02
1.904761904761904934e-02
0.000000000000000000e+00
0.000000000000000000e+00
0.000000000000000000e+00
0.000000000000000000e+00
0.000000000000000000e+00
0.000000000000000000e+00
0.000000000000000000e+00
0.000000000000000000e+00
0.000000000000000000e+00
