0.000000000000000000e+00
0.000000000000000000e+00
9.523809523809524669e-03
4.126984126984126894e-02
8.888888888888889228e-02
1.619047619047619124e-01
1.682539682539682668e-01
2.539682539682539542e-01
1.746031746031745935e-01
7.619047619047619735e-02
2.539682539682539680e-02
0.000000000000000000e+00
0.000000000000000000e+00
0.000000000000000000e+00
0.000000000000000000e+00
0.000000000000000000e+00
0.000000000000000000e+00
0.000000000000000000e+00
0.000000000000000000e+00
0.000000000000000000e+00
0.000000000000000000e+00
0.000000000000000000e+00
0.000000000000000000e+00
0.000000000000000000e+00
6.349206349206349201e-03
4.761904761904761640e-02
1.206349206349206366e-01
1.619047619047619124e-01
3.174603174603174427e-01
2.000000000000000111e-01
1.142857142857142821e-01
2.539682539682539680e-02
3.174603174603174600e-03
3.174603174603174600e-03
0.000000000000000000e+00
0.000000000000000000e+00
0.000000000000000000e+00
0.000000000000000000e+00
0.000000000000000000e+00
0.000000000000000000e+00
0.000000000000000000e+00
0.000000000000000000e+00
0.000000000000000000e+00
0.000000000000000000e+00
0.000000000000000000e+00
6.349206349206349201e-03
2.857142857142857054e-02
1.365079365079364948e-01
1.968253968253968200e-01
2.984126984126984072e-01
1.873015873015873023e-01
9.841269841269841001e-02
4.126984126984126894e-02
6.349206349206349201e-03
0.000000000000000000e+00
0.000000000000000000e+00
0.000000000000000000e+00
0.000000000000000000e+00
0.000000000000000000e+00
0.000000000000000000e+00
0.000000000000000000e+00
0.000000000000000000e+00
0.000000000000000000e+00
0.000000000000000000e+00
0.000000000000000000e+00
3.174603174603174600e-03
3.492063492063492147e-02
1.142857142857142821e-01
2.158730158730158832e-01
1.777777777777777846e-01
2.349206349206349187e-01
1.460317460317460403e-01
4.761904761904761640e-02
2.222222222222222307e-02
3.174603174603174600e-03
0.000000000000000000e+00
0.000000000000000000e+00
0.000000000000000000e+00
0.000000000000000000e+00
0.000000000000000000e+00
0.000000000000000000e+00
0.000000000000000000e+00
0.000000000000000000e+00
0.000000000000000000e+00
0.000000000000000000e+00
0.000000000000000000e+00
0.000000000000000000e+00
0.000000000000000000e+00
4.761904761904761640e-02
1.619047619047619124e-01
1.492063492063492036e-01
2.444444444444444364e-01
2.507936507936507908e-01
1.015873015873015872e-01
2.857142857142857054e-02
1.587301587301587213e-02
0.000000000000000000e+00
0.000000000000000000e+00
0.000000000000000000e+00
0.000000000000000000e+00
0.000000000000000000e+00
0.000000000000000000e+00
0.000000000000000000e+00
0.000000000000000000e+00
0.000000000000000000e+00
0.000000000000000000e+00
0.000000000000000000e+00
0.000000000000000000e+00
0.000000000000000000e+00
0.000000000000000000e+00
3.174603174603174427e-02
6.349206349206348854e-02
2.285714285714285643e-01
3.015873015873015706e-01
2.603174603174603363e-01
9.206349206349206948e-02
9.523809523809524669e-03
1.269841269841269840e-02
0.000000000000000000e+00
0.000000000000000000e+00
0.000000000000000000e+00
0.000000000000000000e+00
0.000000000000000000e+00
0.000000000000000000e+00
0.000000000000000000e+00
0.000000000000000000e+00
0.000000000000000000e+00
0.000000000000000000e+00
0.000000000000000000e+00
3.174603174603174600e-03
3.174603174603174600e-03
4.761904761904761640e-02
7.619047619047619735e-02
2.444444444444444364e-01
3.111111111111111160e-01
2.222222222222222099e-01
8.253968253968253788e-02
9.523809523809524669e-03
0.000000000000000000e+00
0.000000000000000000e+00
0.000000000000000000e+00
0.000000000000000000e+00
0.000000000000000000e+00
0.000000000000000000e+00
0.000000000000000000e+00
0.000000000000000000e+00
0.000000000000000000e+00
0.000000000000000000e+00
0.000000000000000000e+00
0.000000000000000000e+00
0.000000000000000000e+00
9.523809523809524669e-03
7.936507936507936067e-02
9.523809523809523281e-02
2.634920634920634996e-01
2.825396825396825351e-01
1.841269841269841390e-01
5.396825396825397081e-02
2.222222222222222307e-02
9.523809523809524669e-03
0.000000000000000000e+00
0.000000000000000000e+00
0.000000000000000000e+00
0.000000000000000000e+00
0.000000000000000000e+00
0.000000000000000000e+00
0.000000000000000000e+00
0.000000000000000000e+00
0.000000000000000000e+00
0.000000000000000000e+00
0.000000000000000000e+00
6.349206349206349201e-03
4.126984126984126894e-02
1.714285714285714302e-01
1.714285714285714302e-01
2.634920634920634996e-01
2.285714285714285643e-01
9.206349206349206948e-02
2.222222222222222307e-02
3.174603174603174600e-03
0.000000000000000000e+00
0.000000000000000000e+00
0.000000000000000000e+00
0.000000000000000000e+00
0.000000000000000000e+00
0.000000000000000000e+00
0.000000000000000000e+00
0.000000000000000000e+00
0.000000000000000000e+00
0.000000000000000000e+00
0.000000000000000000e+00
0.000000000000000000e+00
6.349206349206349201e-03
3.174603174603174600e-03
4.126984126984126894e-02
9.523809523809523281e-02
2.952380952380952439e-01
2.349206349206349187e-01
1.904761904761904656e-01
1.111111111111111049e-01
1.904761904761904934e-02
3.174603174603174600e-03
0.000000000000000000e+00
0.000000000000000000e+00
0.000000000000000000e+00
0.000000000000000000e+00
0.000000000000000000e+00
0.000000000000000000e+00
0.000000000000000000e+00
0.000000000000000000e+00
0.000000000000000000e+00
0.000000000000000000e+00
0.000000000000000000e+00
6.349206349206349201e-03
1.269841269841269840e-02
1.238095238095238138e-01
1.365079365079364948e-01
3.079365079365079527e-01
2.317460317460317554e-01
1.428571428571428492e-01
3.492063492063492147e-02
0.000000000000000000e+00
3.174603174603174600e-03
0.000000000000000000e+00
0.000000000000000000e+00
0.000000000000000000e+00
0.000000000000000000e+00
0.000000000000000000e+00
0.000000000000000000e+00
0.000000000000000000e+00
0.000000000000000000e+00
0.000000000000000000e+00
0.000000000000000000e+00
0.000000000000000000e+00
9.523809523809524669e-03
3.492063492063492147e-02
1.587301587301587213e-01
1.587301587301587213e-01
2.634920634920634996e-01
1.650793650793650758e-01
1.428571428571428492e-01
5.396825396825397081e-02
9.523809523809524669e-03
3.174603174603174600e-03
0.000000000000000000e+00
0.000000000000000000e+00
0.000000000000000000e+00
0.000000000000000000e+00
0.000000000000000000e+00
0.000000000000000000e+00
0.000000000000000000e+00
0.000000000000000000e+00
