0.000000000000000000e+00
0.000000000000000000e+00
0.000000000000000000e+00
8.522727272727272096e-03
4.545454545454545581e-02
1.505681818181818232e-01
2.272727272727272652e-01
2.329545454545454419e-01
2.500000000000000000e-01
5.681818181818181629e-02
1.988636363636363605e-02
2.840909090909090988e-03
5.681818181818181976e-03
0.000000000000000000e+00
0.000000000000000000e+00
0.000000000000000000e+00
0.000000000000000000e+00
0.000000000000000000e+00
0.000000000000000000e+00
0.000000000000000000e+00
0.000000000000000000e+00
0.000000000000000000e+00
0.000000000000000000e+00
0.000000000000000000e+00
2.840909090909090988e-03
8.522727272727272096e-02
1.420454545454545581e-01
2.017045454545454419e-01
2.244318181818181768e-01
2.698863636363636465e-01
4.261363636363636048e-02
1.136363636363636395e-02
1.988636363636363605e-02
0.000000000000000000e+00
0.000000000000000000e+00
0.000000000000000000e+00
0.000000000000000000e+00
0.000000000000000000e+00
0.000000000000000000e+00
0.000000000000000000e+00
0.000000000000000000e+00
0.000000000000000000e+00
0.000000000000000000e+00
0.000000000000000000e+00
2.840909090909090988e-03
5.681818181818181976e-03
6.534090909090908839e-02
1.448863636363636465e-01
2.215909090909090884e-01
2.443181818181818232e-01
2.272727272727272652e-01
6.250000000000000000e-02
1.988636363636363605e-02
5.681818181818181976e-03
0.000000000000000000e+00
0.000000000000000000e+00
0.000000000000000000e+00
0.000000000000000000e+00
0.000000000000000000e+00
0.000000000000000000e+00
0.000000000000000000e+00
0.000000000000000000e+00
0.000000000000000000e+00
0.000000000000000000e+00
2.840909090909090988e-03
1.704545454545454419e-02
8.806818181818182323e-02
2.471590909090909116e-01
1.875000000000000000e-01
1.875000000000000000e-01
1.477272727272727348e-01
9.090909090909091161e-02
2.840909090909090814e-02
2.840909090909090988e-03
0.000000000000000000e+00
0.000000000000000000e+00
0.000000000000000000e+00
0.000000000000000000e+00
0.000000000000000000e+00
0.000000000000000000e+00
0.000000000000000000e+00
0.000000000000000000e+00
0.000000000000000000e+00
0.000000000000000000e+00
0.000000000000000000e+00
0.000000000000000000e+00
2.840909090909090988e-03
8.522727272727272096e-03
4.261363636363636048e-02
8.806818181818182323e-02
1.562500000000000000e-01
2.301136363636363535e-01
3.011363636363636465e-01
9.375000000000000000e-02
5.681818181818181629e-02
1.704545454545454419e-02
2.840909090909090988e-03
0.000000000000000000e+00
0.000000000000000000e+00
0.000000000000000000e+00
0.000000000000000000e+00
0.000000000000000000e+00
0.000000000000000000e+00
0.000000000000000000e+00
0.000000000000000000e+00
0.000000000000000000e+00
0.000000000000000000e+00
0.000000000000000000e+00
2.840909090909090988e-03
1.704545454545454419e-02
4.261363636363636048e-02
1.079545454545454558e-01
1.676136363636363535e-01
3.238636363636363535e-01
1.647727272727272652e-01
1.306818181818181768e-01
3.693181818181818371e-02
5.681818181818181976e-03
0.000000000000000000e+00
0.000000000000000000e+00
0.000000000000000000e+00
0.000000000000000000e+00
0.000000000000000000e+00
0.000000000000000000e+00
0.000000000000000000e+00
0.000000000000000000e+00
0.000000000000000000e+00
0.000000000000000000e+00
0.000000000000000000e+00
0.000000000000000000e+00
1.704545454545454419e-02
2.840909090909090814e-02
1.164772727272727210e-01
1.704545454545454419e-01
2.727272727272727071e-01
1.732954545454545581e-01
1.107954545454545442e-01
8.522727272727272096e-02
1.988636363636363605e-02
5.681818181818181976e-03
0.000000000000000000e+00
0.000000000000000000e+00
0.000000000000000000e+00
0.000000000000000000e+00
0.000000000000000000e+00
0.000000000000000000e+00
0.000000000000000000e+00
0.000000000000000000e+00
2.840909090909090988e-03
8.522727272727272096e-03
3.409090909090908839e-02
1.363636363636363535e-01
1.647727272727272652e-01
1.931818181818181768e-01
1.875000000000000000e-01
1.818181818181818232e-01
5.681818181818181629e-02
3.125000000000000000e-02
2.840909090909090988e-03
0.000000000000000000e+00
0.000000000000000000e+00
0.000000000000000000e+00
0.000000000000000000e+00
0.000000000000000000e+00
0.000000000000000000e+00
0.000000000000000000e+00
0.000000000000000000e+00
0.000000000000000000e+00
0.000000000000000000e+00
0.000000000000000000e+00
1.136363636363636395e-02
2.272727272727272790e-02
1.732954545454545581e-01
1.392045454545454419e-01
2.755681818181818232e-01
1.789772727272727348e-01
1.477272727272727348e-01
3.125000000000000000e-02
1.420454545454545407e-02
5.681818181818181976e-03
0.000000000000000000e+00
0.000000000000000000e+00
0.000000000000000000e+00
0.000000000000000000e+00
0.000000000000000000e+00
0.000000000000000000e+00
0.000000000000000000e+00
0.000000000000000000e+00
0.000000000000000000e+00
0.000000000000000000e+00
0.000000000000000000e+00
0.000000000000000000e+00
0.000000000000000000e+00
8.522727272727272096e-03
3.125000000000000000e-02
9.943181818181817677e-02
1.534090909090909116e-01
3.039772727272727071e-01
1.448863636363636465e-01
1.335227272727272652e-01
1.079545454545454558e-01
1.704545454545454419e-02
0.000000000000000000e+00
0.000000000000000000e+00
0.000000000000000000e+00
0.000000000000000000e+00
0.000000000000000000e+00
0.000000000000000000e+00
0.000000000000000000e+00
0.000000000000000000e+00
0.000000000000000000e+00
0.000000000000000000e+00
0.000000000000000000e+00
0.000000000000000000e+00
8.522727272727272096e-03
2.556818181818181976e-02
4.829545454545454419e-02
1.107954545454545442e-01
2.812500000000000000e-01
1.903409090909090884e-01
1.818181818181818232e-01
1.221590909090909116e-01
2.272727272727272790e-02
8.522727272727272096e-03
0.000000000000000000e+00
0.000000000000000000e+00
0.000000000000000000e+00
0.000000000000000000e+00
0.000000000000000000e+00
0.000000000000000000e+00
0.000000000000000000e+00
0.000000000000000000e+00
5.681818181818181976e-03
1.988636363636363605e-02
3.125000000000000000e-02
1.107954545454545442e-01
9.375000000000000000e-02
1.306818181818181768e-01
1.562500000000000000e-01
2.528409090909091161e-01
9.943181818181817677e-02
5.681818181818181629e-02
2.840909090909090814e-02
1.136363636363636395e-02
2.840909090909090988e-03
0.000000000000000000e+00
0.000000000000000000e+00
0.000000000000000000e+00
0.000000000000000000e+00
0.000000000000000000e+00
0.000000000000000000e+00
0.000000000000000000e+00
8.522727272727272096e-03
2.556818181818181976e-02
4.261363636363636048e-02
8.806818181818182323e-02
2.073863636363636465e-01
1.761363636363636465e-01
1.988636363636363535e-01
1.079545454545454558e-01
9.090909090909091161e-02
3.125000000000000000e-02
1.136363636363636395e-02
1.136363636363636395e-02
0.000000000000000000e+00
0.000000000000000000e+00
0.000000000000000000e+00
0.000000000000000000e+00
0.000000000000000000e+00
0.000000000000000000e+00
0.000000000000000000e+00
0.000000000000000000e+00
0.000000000000000000e+00
0.000000000000000000e+00
0.000000000000000000e+00
8.522727272727272096e-03
1.988636363636363605e-02
1.306818181818181768e-01
1.534090909090909116e-01
1.676136363636363535e-01
1.704545454545454419e-01
2.159090909090909116e-01
8.238636363636363258e-02
3.409090909090908839e-02
1.136363636363636395e-02
5.681818181818181976e-03
0.000000000000000000e+00
0.000000000000000000e+00
0.000000000000000000e+00
0.000000000000000000e+00
0.000000000000000000e+00
0.000000000000000000e+00
0.000000000000000000e+00
0.000000000000000000e+00
0.000000000000000000e+00
0.000000000000000000e+00
8.522727272727272096e-03
5.113636363636363952e-02
1.619318181818181768e-01
2.017045454545454419e-01
1.761363636363636465e-01
1.903409090909090884e-01
1.306818181818181768e-01
5.681818181818181629e-02
5.681818181818181976e-03
1.704545454545454419e-02
0.000000000000000000e+00
0.000000000000000000e+00
0.000000000000000000e+00
0.000000000000000000e+00
0.000000000000000000e+00
0.000000000000000000e+00
0.000000000000000000e+00
0.000000000000000000e+00
0.000000000000000000e+00
0.000000000000000000e+00
8.522727272727272096e-03
5.113636363636363952e-02
1.022727272727272790e-01
1.789772727272727348e-01
1.619318181818181768e-01
1.619318181818181768e-01
1.505681818181818232e-01
1.079545454545454558e-01
5.113636363636363952e-02
2.272727272727272790e-02
2.840909090909090988e-03
0.000000000000000000e+00
0.000000000000000000e+00
0.000000000000000000e+00
0.000000000000000000e+00
0.000000000000000000e+00
0.000000000000000000e+00
0.000000000000000000e+00
0.000000000000000000e+00
0.000000000000000000e+00
